0.024836
0.033937
0.113673
0.197064
0.147621
0.184456
0.310027
0.302090
0.270359
0.348289
0.322326
0.343395
0.396699
0.303526
0.324190
0.390258
0.372445
0.440420
0.378014
0.348813
0.486287
0.393148
0.397424
0.310945
0.341987
0.361043
0.283889
0.346201
0.283776
0.286397
0.259198
0.371655
0.269874
0.211185
0.300958
0.196971
0.269198
0.164165
0.201828
0.286858
0.325350
0.310937
0.312909
0.322143
0.283729
0.343793
0.380251
0.480666
0.470188
0.390344
0.520091
0.509531
0.518948
0.606110
0.648156
0.662241
0.590446
0.631032
0.674229
0.714476
0.646445
0.662357
0.613997
0.603570
0.694473
0.708580
0.620649
0.654622
0.599635
0.523558
0.545577
0.573850
0.462688
0.508701
0.264316
0.400479
0.327468
0.271954
0.255739
0.116866
0.171571
0.168285
0.194080
0.066194
0.026017
0.018304
0.068888
0.022170
-0.035190
0.005494
-0.023852
0.014037
-0.072471
-0.054184
-0.055517
-0.105130
-0.011415
-0.005977
-0.010468
-0.013394
-0.062995
-0.003819
0.009137
-0.005536
0.033705
0.067705
0.145769
0.062078
0.065794
0.046221
-0.051684
0.034392
0.027261
0.132978
-0.017188
-0.012766
-0.052629
-0.134993
-0.047496
-0.097285
-0.127455
-0.246166
-0.165463
-0.341448
-0.278224
-0.234313
-0.429282
-0.443235
-0.443948
-0.506573
-0.589492
-0.536838
-0.619120
-0.565217
-0.654673
-0.547723
-0.677461
-0.663935
-0.613090
-0.717635
-0.643483
-0.584794
-0.722492
-0.621712
-0.603864
-0.561038
-0.642906
-0.626001
-0.511149
-0.498387
-0.475814
-0.445625
-0.471460
-0.400649
-0.373081
-0.399955
-0.248818
-0.297959
-0.362708
-0.253993
-0.321613
-0.222113
-0.194759
-0.287634
-0.195038
-0.221826
-0.203180
-0.153683
-0.267270
-0.301180
-0.318211
-0.326224
-0.302115
-0.294811
-0.312056
-0.298590
-0.353008
-0.293957
-0.391732
-0.252880
-0.366173
-0.446738
-0.461412
-0.385036
-0.418711
-0.367125
-0.371226
-0.387283
-0.411392
-0.426876
-0.352275
-0.262793
-0.267580
-0.310457
-0.206859
-0.161349
-0.187973
-0.097678
-0.062830
-0.082450
0.033437
0.084437
0.150989
0.189150
0.105993
0.164820
0.272366
0.304956
0.335133
0.529345
0.389590
0.439008
0.447849
0.447308
0.410220
0.471869
0.399993
0.428415
0.414695
0.439070
0.544285
0.326622
0.443908
0.317094
0.361157
0.425492
0.360201
0.289077
0.293591
0.350509
0.268313
0.305412
0.288376
0.247039
0.382576
0.305257
0.173046
0.287019
0.250696
0.335185
0.264349
0.312180
0.359489
0.396034
0.313188
0.378608
0.395083
0.410691
0.556828
0.514293
0.456391
0.590226
0.674450
0.642697
0.536186
0.607013
0.711300
0.626657
0.695405
0.719979
0.639606
0.684212
0.522798
0.627709
0.656766
0.593927
0.721418
0.548486
0.575099
0.577899
0.615119
0.440703
0.538185
0.446528
0.361776
0.398037
0.348616
0.272441
0.270189
0.212527
0.203779
0.199084
0.215034
0.045765
0.188641
-0.038664
0.031077
0.050696
0.020896
-0.035757
-0.023564
-0.043497
-0.051289
0.020227
-0.002512
-0.051052
0.034307
0.011883
0.045467
0.045365
-0.018128
0.004752
0.079185
0.080645
0.056272
0.068917
0.130891
0.039319
0.095820
0.055382
0.048918
0.106205
0.081069
0.066040
0.073252
-0.011246
-0.001248
-0.076525
-0.072881
-0.125840
-0.146609
-0.155390
-0.260966
-0.151188
-0.342320
-0.388997
-0.306302
-0.359789
-0.402177
-0.434434
-0.497024
-0.569580
-0.546667
-0.607207
-0.544397
-0.617024
-0.664025
-0.648353
-0.617571
-0.668730
-0.680419
-0.622418
-0.614322
-0.640743
-0.624862
-0.572978
-0.637914
-0.614803
-0.557620
-0.508361
-0.457245
-0.373632
-0.379028
-0.404711
-0.373137
-0.398816
-0.327484
-0.320535
-0.271459
-0.312634
-0.231363
-0.169282
-0.242579
-0.210967
-0.193151
-0.246978
-0.217530
-0.232345
-0.234569
-0.286595
-0.256962
-0.244985
-0.210155
-0.248357
-0.202684
-0.362768
-0.294494
-0.341919
-0.253461
-0.413756
-0.423894
-0.418302
-0.498514
-0.419899
-0.429947
-0.379757
-0.362252
-0.274285
-0.305983
-0.364431
-0.359322
-0.265469
-0.328748
-0.141049
-0.140998
-0.188526
-0.213889
-0.022123
-0.055920
0.052137
-0.048625
0.041977
0.112647
0.154357
0.167921
0.258402
0.208782
0.287696
0.330943
0.377979
0.412174
0.341546
0.338991
0.494170
0.458147
0.412044
0.531740
0.461588
0.513476
0.453900
0.547138
0.523300
0.412695
0.461857
0.432571
0.455025
0.324289
0.392815
0.397826
0.244140
0.261217
0.208175
0.288175
0.331044
0.366045
0.292814
0.371282
0.224239
0.214164
0.305334
0.338726
0.331830
0.246415
0.363839
0.323527
0.444365
0.452709
0.411912
0.458410
0.456631
0.531849
0.607638
0.534604
0.631825
0.601189
0.607129
0.658151
0.625826
0.661080
0.636901
0.799736
0.704499
0.665423
0.705175
0.679326
0.660815
0.686054
0.673417
0.586124
0.558119
0.544851
0.412948
0.419815
0.529908
0.508648
0.378028
0.383039
0.333563
0.436191
0.303319
0.207255
0.133748
0.070959
0.133377
0.059720
0.003375
0.021885
-0.017249
0.106751
0.055009
0.001991
0.070698
-0.002404
-0.049769
0.071341
0.026087
-0.046987
0.002549
-0.023409
-0.039709
0.085179
0.143780
-0.012560
0.093823
0.040333
0.054242
0.052936
0.041246
0.086439
0.039492
0.088873
0.064302
0.043399
-0.004466
-0.005312
0.041022
0.005248
-0.094341
-0.068575
-0.066216
-0.219381
-0.142432
-0.237638
-0.211730
-0.314634
-0.402984
-0.430037
-0.381420
-0.404849
-0.495519
-0.448934
-0.592246
-0.538213
-0.618352
-0.610197
-0.591754
-0.650223
-0.635964
-0.572355
-0.653840
-0.581975
-0.675540
-0.584532
-0.527770
-0.709345
-0.608877
-0.521108
-0.539034
-0.487592
-0.512340
-0.452913
-0.439636
-0.347974
-0.368445
-0.339758
-0.353735
-0.335391
-0.312182
-0.252324
-0.276774
-0.227294
-0.126601
-0.178037
-0.231805
-0.152050
-0.231772
-0.315093
-0.267831
-0.317444
-0.249972
-0.241719
-0.170515
-0.250818
-0.291727
-0.253324
-0.419409
-0.310781
-0.296994
-0.421332
-0.300605
-0.349435
-0.393548
-0.345132
-0.264529
-0.367349
-0.359317
-0.386759
-0.395038
-0.296439
-0.362842
-0.295275
-0.298399
-0.223239
-0.200391
-0.132545
-0.175020
-0.126178
-0.123206
-0.056859
0.024659
0.084494
0.041386
0.171413
0.235338
0.226644
0.336647
0.239021
0.248130
0.251541
0.442607
0.424860
0.410547
0.445243
0.389560
0.579367
0.471478
0.475200
0.507640
0.494110
0.477267
0.420125
0.474654
0.534793
0.496097
0.495510
0.376580
0.338603
0.367771
0.363239
0.402335
0.251305
0.402163
0.309293
0.289371
0.255870
0.221914
0.346557
0.312458
0.250383
0.258905
0.318282
0.432464
0.352356
0.308686
0.392012
0.412793
0.315083
0.471739
0.488104
0.559950
0.642979
0.631757
0.585994
0.566844
0.771918
0.665282
0.679747
0.691930
0.714215
0.705125
0.688365
0.690941
0.714320
0.682853
0.664848
0.692733
0.658145
0.726289
0.495649
0.657033
0.636456
0.439923
0.493989
0.458541
0.371572
0.367137
0.314231
0.421162
0.344579
0.326466
0.265283
0.140621
0.140604
0.163221
0.051979
0.125686
0.057746
0.033635
0.073490
0.048688
-0.000110
0.070215
-0.044777
0.039640
0.040388
-0.000788
0.036730
-0.034941
0.082121
0.035734
0.028282
0.116308
0.037699
0.010799
0.010582
0.124447
0.034082
0.187733
-0.004536
0.181411
0.101449
0.077526
0.043648
0.076417
0.037193
0.073965
0.001462
-0.022400
-0.076174
-0.091084
-0.104972
-0.239560
-0.256368
-0.187548
-0.252380
-0.306391
-0.332190
-0.350897
-0.429275
-0.473671
-0.455523
-0.542540
-0.498948
-0.627382
-0.510600
-0.554946
-0.578853
-0.552053
-0.523847
-0.558729
-0.700255
-0.667485
-0.626715
-0.582995
-0.544331
-0.589772
-0.525075
-0.551103
-0.521177
-0.536925
-0.487856
-0.483888
-0.439608
-0.312936
-0.388560
-0.185974
-0.270797
-0.265764
-0.299417
-0.205161
-0.255016
-0.208722
-0.078041
-0.204759
-0.139099
-0.230979
-0.199388
-0.113339
-0.239705
-0.126226
-0.191704
-0.266912
-0.219996
-0.216597
-0.248156
-0.371816
-0.343371
-0.332366
-0.335577
-0.311211
-0.341927
-0.424003
-0.342213
-0.331986
-0.332904
-0.302141
-0.306547
-0.314039
-0.325917
-0.387537
-0.261824
-0.248584
-0.218061
-0.265364
-0.222927
-0.081313
-0.099114
-0.024645
-0.017681
0.022830
0.109106
0.077240
0.148287
0.159991
0.199796
0.242897
0.304365
0.301973
0.418813
0.338623
0.398346
0.406887
0.519142
0.471210
0.524220
0.406287
0.498631
0.531382
0.489722
0.534894
0.449332
0.537096
0.571184
0.426232
0.409123
0.490358
0.482610
0.363466
0.354991
0.349084
0.284253
0.295300
0.282534
0.287873
0.320289
0.331916
0.398472
0.274423
0.379645
0.328508
0.348146
0.398302
0.324747
0.418511
0.428170
0.466600
0.479933
0.612767
0.483312
0.514138
0.534922
0.563203
0.583117
0.697169
0.729824
0.649332
0.652981
0.732255
0.692247
0.759538
0.742742
0.658045
0.808881
0.815366
0.685399
0.683575
0.700735
0.683360
0.676672
0.718516
0.580852
0.519225
0.457705
0.456114
0.455840
0.511304
0.359427
0.360286
0.312522
0.337856
0.371094
0.186078
0.157906
0.206508
0.162728
0.197920
0.114507
0.049960
0.083023
0.097458
0.074510
0.053160
0.078157
0.082856
0.095389
0.062673
0.027615
0.050498
0.111794
0.019681
0.088400
0.059738
0.089902
0.160693
0.113516
0.112017
0.045659
0.152854
0.147383
0.220299
0.091058
0.108867
0.098911
0.150881
0.049858
0.048300
0.041694
-0.005037
-0.064767
-0.062984
-0.051133
-0.189830
-0.166762
-0.244170
-0.185622
-0.357803
-0.345509
-0.333868
-0.308462
-0.422495
-0.477527
-0.384016
-0.576213
-0.636645
-0.524509
-0.588130
-0.627168
-0.550222
-0.579383
-0.622104
-0.656679
-0.544336
-0.547416
-0.573711
-0.462334
-0.591441
-0.595142
-0.532381
-0.477333
-0.438877
-0.438208
-0.383153
-0.437844
-0.277881
-0.329650
-0.246180
-0.262778
-0.236621
-0.212462
-0.202243
-0.178550
-0.132817
-0.180671
-0.148958
-0.185501
-0.108267
-0.215910
-0.096283
-0.194817
-0.272839
-0.205138
-0.257293
-0.194036
-0.282307
-0.286008
-0.372234
-0.314081
-0.425636
-0.395502
-0.288676
-0.295974
-0.320415
-0.394024
-0.349353
-0.345526
-0.398551
-0.257525
-0.277581
-0.317908
-0.287597
-0.257338
-0.345507
-0.228451
-0.220077
-0.203407
-0.132478
0.008296
-0.011130
-0.032107
0.065520
0.147708
0.164822
0.162011
0.166306
0.271980
0.293578
0.353567
0.373217
0.424050
0.372139
0.489107
0.454302
0.566104
0.442471
0.574974
0.506009
0.468256
0.478254
0.485138
0.518377
0.516887
0.453492
0.470570
0.567036
0.533323
0.455053
0.421079
0.411158
0.422225
0.327582
0.354155
0.273352
0.368251
0.374171
0.313412
0.414453
0.275207
0.266670
0.357200
0.407110
0.450363
0.357165
0.450365
0.413013
0.426764
0.501709
0.513639
0.426731
0.604574
0.625241
0.550349
0.626315
0.655236
0.666300
0.646831
0.659836
0.708869
0.782869
0.762586
0.724909
0.786729
0.606953
0.804492
0.654135
0.713465
0.662525
0.637256
0.740227
0.635908
0.650879
0.602902
0.598540
0.546060
0.444059
0.522857
0.412436
0.323026
0.343239
0.403929
0.336496
0.242863
0.210707
0.181844
0.273685
0.163279
0.142634
0.152372
0.095412
0.056086
0.047753
0.045454
0.041484
0.076753
0.042536
0.078461
0.041750
0.055451
-0.041200
0.112833
0.093400
0.135415
-0.049859
0.208431
0.105339
0.174919
0.073248
0.159838
0.078419
0.099468
0.223385
0.112460
0.124330
0.145494
0.112341
0.077691
0.068145
0.147018
-0.001700
-0.016842
-0.004608
-0.033990
-0.063604
-0.125926
-0.250766
-0.148155
-0.323413
-0.286884
-0.374894
-0.374397
-0.387221
-0.418151
-0.441429
-0.407579
-0.488480
-0.543169
-0.499275
-0.501084
-0.631472
-0.546155
-0.543293
-0.591994
-0.503625
-0.571880
-0.546925
-0.547772
-0.521610
-0.558131
-0.554240
-0.379780
-0.477844
-0.460168
-0.492877
-0.391667
-0.400676
-0.227894
-0.236006
-0.298774
-0.131288
-0.176314
-0.225322
-0.320108
-0.069179
-0.244427
-0.251130
-0.114338
-0.042737
-0.097329
-0.142587
-0.147523
-0.143082
-0.158049
-0.193633
-0.215310
-0.237258
-0.285849
-0.276242
-0.360565
-0.293811
-0.350188
-0.366328
-0.310721
-0.256540
-0.284211
-0.409945
-0.379279
-0.278046
-0.366271
-0.317133
-0.263809
-0.321810
-0.246940
-0.294573
-0.230612
-0.154441
-0.217428
-0.080851
-0.067022
0.000001
0.023195
0.120646
0.099550
0.112668
0.180692
0.241366
0.255060
0.291481
0.289255
0.323862
0.316991
0.501928
0.376592
0.425325
0.441969
0.537225
0.488976
0.574048
0.482700
0.531946
0.474936
0.619974
0.446913
0.513216
0.519024
0.496160
0.453230
0.442294
0.436918
0.413355
0.455291
0.504796
0.354697
0.303839
0.359423
0.486345
0.312936
0.433257
0.435928
0.327757
0.389975
0.451723
0.362759
0.385478
0.382895
0.379749
0.418479
0.411877
0.498275
0.482600
0.557985
0.493990
0.613719
0.663750
0.546395
0.687517
0.751278
0.648483
0.809324
0.760732
0.715704
0.756199
0.791609
0.768729
0.789540
0.710635
0.755603
0.663370
0.711977
0.652538
0.638065
0.710907
0.675361
0.620693
0.503152
0.507937
0.549247
0.459758
0.532370
0.399858
0.354042
0.294077
0.282520
0.236094
0.248879
0.233231
0.120431
0.070119
0.024596
0.124420
0.029418
-0.034526
0.084011
0.183543
0.055616
0.097412
0.061469
0.056389
0.113021
0.059745
0.095934
0.107708
0.067658
0.160104
0.110813
0.090079
0.161883
0.095868
0.146157
0.146182
0.200500
0.166967
0.136291
0.169894
0.187049
0.130995
0.086236
-0.000147
-0.010861
0.001468
-0.041825
-0.050941
-0.070886
-0.080923
-0.145839
-0.153742
-0.211055
-0.349321
-0.333434
-0.328836
-0.416127
-0.358115
-0.342133
-0.386039
-0.483389
-0.421072
-0.507980
-0.548786
-0.575680
-0.569667
-0.579886
-0.554283
-0.553539
-0.556710
-0.526983
-0.478123
-0.476092
-0.581085
-0.615466
-0.419974
-0.512301
-0.431186
-0.453556
-0.459758
-0.317097
-0.281016
-0.323272
-0.400501
-0.276131
-0.208772
-0.283800
-0.184364
-0.180356
-0.139214
-0.153422
-0.201965
-0.090090
-0.157103
-0.152360
-0.201898
-0.183877
-0.214444
-0.189094
-0.106559
-0.273567
-0.299258
-0.159044
-0.257127
-0.293823
-0.221350
-0.315491
-0.204300
-0.270272
-0.334987
-0.206713
-0.346157
-0.277145
-0.294572
-0.236512
-0.212278
-0.274164
-0.295516
-0.213662
-0.246210
-0.084327
-0.148055
-0.140496
-0.078092
-0.117848
-0.060657
0.087568
0.035142
0.056491
0.176519
0.249410
0.265696
0.317967
0.267160
0.268812
0.447622
0.386535
0.417455
0.520743
0.503330
0.516231
0.616277
0.487096
0.573601
0.534773
0.546974
0.608675
0.553656
0.548756
0.566899
0.484636
0.449058
0.425802
0.366016
0.553086
0.381093
0.411582
0.395977
0.413490
0.428664
0.422409
0.343753
0.360312
0.380978
0.355157
0.451352
0.401622
0.422595
0.430407
0.469879
0.436579
0.381193
0.486476
0.456054
0.485688
0.565965
0.623758
0.588396
0.628165
0.722732
0.673668
0.814447
0.733718
0.636475
0.778910
0.774387
0.830990
0.808194
0.772318
0.719262
0.767699
0.729691
0.733657
0.779033
0.816581
0.733015
0.630595
0.686880
0.696175
0.575295
0.566614
0.540039
0.464895
0.500634
0.425904
0.416717
0.315613
0.303208
0.327510
0.240624
0.315370
0.180962
0.186512
0.198858
0.061036
0.026528
0.023852
0.151796
0.052537
0.202351
0.043256
0.080263
0.150031
0.177187
0.185691
0.150225
0.149315
0.136798
0.155529
0.098490
0.094199
0.143246
0.142096
0.133678
0.195115
0.209951
0.166173
0.232657
0.096006
0.134871
0.097245
0.025326
0.097133
0.074905
0.133615
0.063818
-0.047010
0.066660
0.002881
-0.062755
-0.138090
-0.210491
-0.217341
-0.180562
-0.176690
-0.228922
-0.364537
-0.428544
-0.396078
-0.519851
-0.441010
-0.487441
-0.523167
-0.596118
-0.503782
-0.565631
-0.603425
-0.690869
-0.547395
-0.452702
-0.450219
-0.544962
-0.538133
-0.467854
-0.522141
-0.436052
-0.390105
-0.343053
-0.384510
-0.364295
-0.372521
-0.344769
-0.290222
-0.237033
-0.187591
-0.252973
-0.119672
-0.191540
-0.165110
-0.189991
-0.265064
-0.093562
-0.097528
-0.147695
-0.132097
-0.113889
-0.224292
-0.181109
-0.125186
-0.239311
-0.174746
-0.270861
-0.193733
-0.232894
-0.325578
-0.199560
-0.306392
-0.320565
-0.278591
-0.237612
-0.349822
-0.297239
-0.277261
-0.259333
-0.277229
-0.293157
-0.301595
-0.237990
-0.274720
-0.342844
-0.147620
-0.094137
-0.224829
-0.122265
-0.003986
0.106347
0.044136
0.047135
0.115240
0.233978
0.173375
0.205337
0.259576
0.272881
0.361585
0.469337
0.434371
0.432928
0.455291
0.412907
0.553141
0.519683
0.525796
0.702413
0.562408
0.511503
0.526482
0.601235
0.543053
0.456907
0.564393
0.473159
0.587255
0.533884
0.443457
0.515852
0.441586
0.468004
0.437905
0.361108
0.362756
0.439953
0.367477
0.362215
0.335383
0.407713
0.495748
0.348023
0.414022
0.497364
0.439094
0.484202
0.428920
0.525585
0.518310
0.601481
0.636761
0.732359
0.657253
0.669459
0.686898
0.682252
0.737915
0.725291
0.765214
0.836757
0.731724
0.847077
0.860644
0.790121
0.687605
0.757374
0.843081
0.764009
0.698669
0.703591
0.747968
0.707535
0.639945
0.602991
0.569275
0.508733
0.600457
0.467652
0.508358
0.487354
0.425451
0.319048
0.327126
0.273604
0.199385
0.232710
0.131874
0.227160
0.124272
0.140175
0.129847
0.091270
0.125013
0.066244
0.130581
0.019284
0.094792
0.189377
0.048147
0.071467
0.139356
0.131699
0.149690
0.166057
0.182393
0.214448
0.186645
0.159824
0.209472
0.272728
0.170669
0.125602
0.223993
0.154083
0.040001
0.176572
0.090048
0.092014
0.090090
0.057350
0.055220
-0.032271
-0.016967
-0.089289
-0.074278
-0.116203
-0.229954
-0.165152
-0.282169
-0.250133
-0.306182
-0.265106
-0.398748
-0.433347
-0.442591
-0.479672
-0.444320
-0.581651
-0.566598
-0.576838
-0.481865
-0.446177
-0.535694
-0.534207
-0.514231
-0.448466
-0.538842
-0.463826
-0.407914
-0.410539
-0.403382
-0.338800
-0.499116
-0.304670
-0.345778
-0.379409
-0.237790
-0.171170
-0.224595
-0.149622
-0.098145
-0.096690
-0.066496
-0.099976
-0.124533
-0.202314
-0.131125
-0.160243
-0.011351
-0.132933
-0.124456
-0.111534
-0.147171
-0.076296
-0.205008
-0.177754
-0.238630
-0.281565
-0.259862
-0.244101
-0.275580
-0.299125
-0.343388
-0.283651
-0.358719
-0.246772
-0.279031
-0.351318
-0.285963
-0.296865
-0.228709
-0.159726
-0.299323
-0.175477
-0.161906
-0.090219
-0.080474
-0.093829
-0.035348
-0.020781
0.112444
0.100148
0.234992
0.177749
0.185801
0.185159
0.209104
0.256889
0.384355
0.429087
0.354706
0.505845
0.461277
0.513954
0.605144
0.583965
0.536942
0.513746
0.455428
0.528683
0.552791
0.510002
0.546374
0.548212
0.522737
0.489614
0.517571
0.517527
0.426852
0.537896
0.448812
0.441856
0.464627
0.430634
0.458138
0.418360
0.369142
0.416021
0.341501
0.407509
0.406508
0.406542
0.421932
0.348209
0.431187
0.481773
0.505580
0.468334
0.606501
0.524434
0.641412
0.639788
0.611508
0.757483
0.633045
0.761416
0.786568
0.722079
0.841962
0.773923
0.812033
0.818648
0.803621
0.852113
0.848921
0.715886
0.858996
0.697576
0.815810
0.800713
0.666937
0.675206
0.612155
0.626134
0.589010
0.609384
0.600752
0.569101
0.434939
0.416375
0.306912
0.315883
0.370730
0.371141
0.198401
0.202417
0.205054
0.197333
0.122570
0.166868
0.107539
0.119040
0.138541
0.105858
0.080745
0.096651
0.099603
0.089478
0.100772
0.200835
0.157254
0.123494
0.182554
0.140455
0.224861
0.192993
0.176337
0.209821
0.112848
0.136943
0.133153
0.197023
0.270813
0.287215
0.196085
0.174791
0.042310
0.084955
0.049650
0.032331
0.026888
-0.018553
-0.126039
-0.023368
-0.149307
-0.119461
-0.063930
-0.249872
-0.366337
-0.289288
-0.253950
-0.243550
-0.433504
-0.375498
-0.449338
-0.454262
-0.336552
-0.560436
-0.485679
-0.484515
-0.459543
-0.511260
-0.499521
-0.529801
-0.488729
-0.508171
-0.445847
-0.478677
-0.422270
-0.421509
-0.341011
-0.375874
-0.437058
-0.259919
-0.342813
-0.305018
-0.277585
-0.155583
-0.308958
-0.024830
-0.110408
-0.135726
-0.135691
-0.107256
-0.086700
-0.074407
-0.075494
-0.098053
-0.114217
-0.116154
-0.124814
-0.066872
-0.104125
-0.292520
-0.125533
-0.162199
-0.186894
-0.219442
-0.157520
-0.179325
-0.277210
-0.228603
-0.306107
-0.332928
-0.299271
-0.226108
-0.219949
-0.237238
-0.218700
-0.217900
-0.261194
-0.189605
-0.149996
-0.127965
-0.078906
-0.072823
-0.058013
0.012825
-0.005174
-0.009525
0.066039
0.077386
0.121722
0.189105
0.197148
0.260995
0.220128
0.362308
0.386607
0.378345
0.482275
0.523520
0.420600
0.484026
0.501624
0.507675
0.607390
0.564162
0.565341
0.479995
0.610667
0.512946
0.571482
0.573786
0.617561
0.472222
0.373711
0.520170
0.586945
0.544845
0.479772
0.431880
0.485120
0.385844
0.449848
0.444825
0.468322
0.551477
0.433856
0.392181
0.422439
0.344042
0.409172
0.437385
0.447967
0.500297
0.472014
0.591318
0.558774
0.582826
0.592093
0.641736
0.700623
0.640909
0.675369
0.715821
0.684793
0.730195
0.764076
0.845692
0.826275
0.830859
0.868430
0.820252
0.844317
0.813700
0.822595
0.767110
0.657789
0.753212
0.808171
0.757605
0.731258
0.714235
0.624392
0.595815
0.519902
0.499061
0.509384
0.502579
0.399659
0.349216
0.338062
0.335970
0.203473
0.132779
0.194395
0.137837
0.153192
0.153824
0.124116
0.207934
0.143112
0.136109
0.149223
0.060738
0.171525
0.119738
0.162784
0.082858
0.067069
0.194710
0.182075
0.127591
0.138270
0.246330
0.137779
0.285117
0.161909
0.240750
0.191966
0.235584
0.172529
0.183059
0.181777
0.115187
0.184952
0.101976
0.093157
0.029204
-0.077273
0.011048
0.109105
-0.005985
-0.081085
-0.129020
-0.150963
-0.160999
-0.283316
-0.203724
-0.257681
-0.290010
-0.334555
-0.383804
-0.376881
-0.403826
-0.470923
-0.498419
-0.477725
-0.414901
-0.560240
-0.573987
-0.491137
-0.492126
-0.477970
-0.463266
-0.472538
-0.370155
-0.505623
-0.445922
-0.386928
-0.439915
-0.341651
-0.224394
-0.280934
-0.245246
-0.295262
-0.239575
-0.205386
-0.182056
-0.083580
-0.103455
-0.172971
-0.093661
-0.072297
-0.034112
-0.008699
-0.137739
-0.129345
-0.155921
-0.111221
-0.084694
-0.068888
-0.133750
-0.158772
-0.148800
-0.212167
-0.079991
-0.278560
-0.201916
-0.121838
-0.233068
-0.251478
-0.266272
-0.261406
-0.185037
-0.362650
-0.170672
-0.310605
-0.241494
-0.235034
-0.166225
-0.254375
-0.127023
-0.021588
-0.160848
-0.050552
-0.058233
0.032995
0.051074
0.057666
0.154573
0.261246
0.202333
0.288305
0.227277
0.282535
0.390812
0.476301
0.452528
0.449208
0.492154
0.454006
0.567936
0.599746
0.547614
0.557962
0.602695
0.572279
0.592430
0.699430
0.578106
0.566116
0.543088
0.602286
0.544150
0.507766
0.592591
0.583448
0.468424
0.391510
0.522386
0.426081
0.489601
0.343073
0.479730
0.370301
0.465580
0.430497
0.385480
0.418914
0.482359
0.464750
0.502618
0.588542
0.430015
0.609544
0.556032
0.529372
0.532323
0.614580
0.695607
0.668538
0.775371
0.651264
0.745950
0.705015
0.804887
0.847780
0.796483
0.698484
0.846675
0.863270
0.862884
0.902131
0.780856
0.858886
0.871422
0.706349
0.791457
0.727373
0.722766
0.715920
0.643615
0.601722
0.603205
0.511970
0.476121
0.528113
0.400493
0.455495
0.410403
0.267293
0.287580
0.350920
0.214078
0.214250
0.237524
0.233316
0.164184
0.132451
0.221978
0.229268
0.185576
0.137926
0.092814
0.093595
0.165200
0.165728
0.222079
0.192827
0.094210
0.231400
0.138339
0.178102
0.218117
0.312581
0.374027
0.252824
0.215218
0.250671
0.265355
0.199250
0.296507
0.206782
0.205732
0.196755
0.164264
0.162082
0.063607
0.038476
-0.018860
0.025997
0.009279
-0.041685
-0.016603
-0.136818
-0.139370
-0.263312
-0.263247
-0.243125
-0.267916
-0.355629
-0.372817
-0.470870
-0.435720
-0.393154
-0.425431
-0.442236
-0.474315
-0.482383
-0.518079
-0.448886
-0.458073
-0.446488
-0.486217
-0.553497
-0.374242
-0.433971
-0.432088
-0.331543
-0.361808
-0.264313
-0.261069
-0.232252
-0.309531
-0.156109
-0.180146
-0.189542
-0.143452
-0.220926
-0.095359
-0.153318
-0.158071
-0.157778
-0.019937
-0.103641
0.005250
-0.100044
-0.162862
-0.139798
-0.030673
-0.110502
-0.141819
-0.119231
-0.115751
-0.098992
-0.096495
-0.200618
-0.261907
-0.228144
-0.204846
-0.274616
-0.280709
-0.219649
-0.240564
-0.234869
-0.269721
-0.235379
-0.258825
-0.153514
-0.128342
-0.251230
-0.181059
-0.182082
-0.109643
-0.048662
-0.082068
-0.018844
0.015467
0.115651
0.149194
0.150490
0.236268
0.240532
0.293906
0.429578
0.449763
0.352664
0.491782
0.520979
0.450324
0.573013
0.630155
0.515050
0.539892
0.647895
0.618524
0.637237
0.628314
0.629527
0.539681
0.651947
0.649493
0.569155
0.566585
0.479227
0.567786
0.556619
0.510884
0.556603
0.470854
0.504091
0.414634
0.455948
0.441930
0.457673
0.426113
0.438758
0.490028
0.432976
0.383263
0.562483
0.558018
0.440655
0.558261
0.519083
0.579537
0.604571
0.602666
0.600396
0.630546
0.644654
0.673770
0.736012
0.726315
0.817285
0.876616
0.789981
0.845039
0.869227
0.875876
0.860779
0.895351
0.880003
0.788074
0.883881
0.871709
0.772662
0.792919
0.802296
0.731925
0.767733
0.801718
0.611756
0.547993
0.597072
0.582039
0.498149
0.546144
0.370797
0.437467
0.338839
0.422975
0.406388
0.240352
0.225541
0.272948
0.190338
0.190038
0.179144
0.070424
0.157179
0.117695
0.124552
0.220957
0.087840
0.195283
0.146408
0.153559
0.215371
0.201914
0.222882
0.252199
0.196284
0.190543
0.174088
0.192809
0.385491
0.302160
0.171940
0.170397
0.254924
0.249658
0.238271
0.183645
0.172734
0.175127
0.139978
-0.000948
0.070449
0.009125
0.028331
0.135144
-0.030652
-0.100456
-0.074900
-0.133125
-0.172174
-0.198001
-0.159527
-0.351367
-0.301701
-0.400008
-0.351652
-0.448255
-0.442993
-0.453397
-0.402931
-0.415333
-0.529474
-0.466768
-0.503758
-0.526499
-0.466392
-0.459791
-0.308946
-0.391904
-0.463362
-0.401640
-0.299600
-0.222238
-0.381061
-0.370367
-0.157334
-0.206204
-0.244572
-0.150929
-0.287317
-0.134905
-0.100175
-0.054030
-0.136996
-0.070606
-0.112383
-0.047254
-0.101397
-0.076293
-0.107497
-0.029389
-0.025502
-0.088647
-0.085247
-0.171286
-0.126667
-0.127802
-0.008274
-0.208970
-0.093872
-0.130214
-0.177890
-0.114381
-0.192274
-0.197845
-0.223946
-0.161405
-0.166138
-0.247532
-0.274273
-0.207214
-0.222478
-0.167733
-0.947216
-0.365572
-0.557631
0.475947
-0.631879
0.108293
0.012817
0.004052
1.016632
1.016529
0.036101
0.101002
-0.501791
0.261424
1.306888
0.324694
0.767334
-0.343184
0.323423
0.818262
0.633129
0.924256
0.275315
-0.274006
1.203545
0.185840
0.841804
0.856361
-0.183472
1.218907
0.367071
0.673542
0.421272
1.466126
1.263564
-0.391600
1.743146
0.225283
1.544999
0.351027
0.506237
0.504325
0.482539
0.481761
0.546954
0.513715
0.470411
0.511339
0.418736
0.499036
0.581017
0.493591
0.478434
0.506719
0.505298
0.542672
0.586882
0.559656
0.655913
0.725735
0.660624
0.806874
0.780458
0.829180
0.765839
0.860528
0.779935
0.893130
0.868383
0.895486
0.813749
0.829011
0.901300
0.818088
0.879132
0.774536
0.868783
0.744944
0.811293
0.789220
0.694794
0.728174
0.679626
0.605651
0.547001
0.463378
0.542723
0.410789
0.458043
0.405197
0.418637
0.337452
0.305838
0.330826
0.285319
0.261325
0.248706
0.131078
0.231262
0.212579
0.122585
0.155525
0.162791
0.157599
0.182907
0.241739
0.229992
0.117484
0.222504
0.266907
0.229239
0.273887
0.329011
0.287888
0.256359
0.301882
0.260829
0.256669
0.237471
0.330239
0.205458
0.314461
0.251368
0.141976
0.212938
0.069280
0.182507
0.169827
0.067870
0.073421
0.132826
-0.023859
-0.086423
0.004852
-0.007313
-0.141526
-0.127058
-0.145722
-0.283930
-0.303540
-0.248291
-0.253890
-0.335736
-0.430763
-0.307224
-0.449643
-0.452930
-0.428590
-0.373933
-0.411268
-0.431988
-0.424862
-0.437817
-0.400912
-0.541212
-0.412834
-0.366867
-0.415404
-0.315805
-0.321335
-0.198440
-0.182172
-0.258624
-0.217679
0.000000
0.701027
-0.675502
-0.050121
0.723798
-0.647323
-0.100046
0.743725
-0.616600
-0.149577
0.760730
-0.583454
-0.198520
0.774746
-0.548016
-0.246684
0.785718
-0.510425
-0.293878
0.793603
-0.470829
-0.339918
0.798370
-0.429382
-0.384622
0.799999
-0.386248
-0.427815
0.798486
-0.341597
-0.469327
0.793835
-0.295604
-0.508995
0.786065
-0.248449
-0.546663
0.775207
-0.200318
-0.582183
0.761303
-0.151400
-0.615416
0.744407
-0.101887
-0.646230
0.724587
-0.051974
-0.674506
0.701920
-0.001856
-0.700131
0.676495
0.048269
-0.723006
0.648412
0.557332
0.552577
0.689216
0.600801
0.719736
0.676753
0.664862
0.660818
0.660778
0.540718
0.616733
0.664368
0.609275
0.529595
0.584259
0.658375
0.621457
0.541989
0.579054
0.500329
0.421763
0.450490
0.566366
0.468044
0.465335
0.460694
0.571635
0.561119
0.596849
0.486736
0.520881
0.444210
0.610211
0.496483
0.586167
0.542593
0.591512
0.603620
0.640286
0.669213
0.694147
0.788124
0.715224
0.804226
0.875177
0.807690
0.814184
0.852639
0.934325
0.893077
0.861516
0.913507
0.831872
0.915121
0.891950
0.843050
0.799993
0.777784
0.825967
0.834936
0.713315
0.737540
0.577800
0.618911
0.611424
0.531573
0.493963
0.471188
0.483433
0.424551
0.288316
0.262067
0.307515
0.332665
0.146739
0.236078
0.214478
0.292822
0.189720
0.216653
0.196030
0.076749
0.218715
0.190642
0.207175
0.382030
0.087246
0.284878
0.192576
0.230374
0.223171
0.213674
0.215454
0.268726
0.183583
0.302704
0.248322
0.214519
0.248089
0.330474
0.235160
0.271313
0.205375
0.265385
0.244379
0.282260
0.158001
0.174546
0.117939
0.147585
0.014725
0.054227
-0.027665
-0.056892
-0.085307
-0.113551
-0.167894
-0.186512
-0.152352
-0.214454
-0.250829
-0.345370
-0.392794
-0.323459
-0.347226
-0.333913
-0.450824
-0.441637
-0.518067
-0.458043
-0.387354
-0.455803
-0.392421
-0.422796
-0.382983
-0.439840
-0.359125
-0.491862
-0.328918
-0.377087
-0.210366
-0.206405
-0.196452
-0.118539
-0.217507
-0.059196
-0.077824
-0.115805
-0.028689
-0.124462
-0.096431
-0.074223
-0.061465
-0.081755
0.035620
-0.037735
-0.008985
-0.059367
-0.128358
-0.032317
-0.151675
-0.071192
-0.149003
0.005168
-0.062650
-0.116988
-0.072800
-0.191277
-0.133652
-0.161225
-0.166582
-0.122589
-0.153570
-0.177051
-0.272609
-0.233154
-0.183350
-0.161300
-0.207890
-0.012877
-0.036456
-0.057834
-0.057010
-0.041108
-0.045441
0.040932
0.086780
0.050221
0.168641
0.184608
0.137831
0.231052
0.293829
0.448518
0.420377
0.362610
0.488589
0.419574
0.581188
0.530825
0.574036
0.666192
0.553463
0.562555
0.614477
0.703513
0.580340
0.516321
0.634078
0.680236
0.706239
0.614500
0.606697
0.673098
0.508940
0.569292
0.584181
0.583099
0.521539
0.535924
0.398088
0.479349
0.526446
0.448177
0.496001
0.513578
0.474848
0.503893
0.453321
0.499905
0.552158
0.543438
0.522586
0.581630
0.626606
0.510509
0.694457
-0.561576
-0.498292
-0.434215
-0.537270
-0.479261
-0.434207
-0.436235
-0.289220
-0.399735
-0.367944
-0.315862
-0.375015
-0.326658
-0.286297
-0.317576
-0.307929
-0.335660
-0.394450
-0.315726
-0.260577
-0.367208
-0.379757
-0.382123
-0.508532
-0.390500
-0.497978
-1.205794
-0.493379
-0.557573
-1.328399
-1.965572
-1.774505
-0.963483
-0.416606
-0.730030
-1.562089
-2.005748
-1.577372
-0.743936
-0.413975
-0.947183
-1.762305
-1.970770
-1.345329
-0.567780
-0.485736
-1.188633
-1.910238
-1.863923
-1.100176
-0.451565
-0.625145
-1.431696
-1.991990
-1.695246
-0.864947
-0.406209
-0.819105
-1.653535
-1.999879
-1.480585
-0.661740
-0.435973
-1.049394
-1.833309
-1.933165
-1.240108
0.696149
0.667734
-0.088583
-0.748335
-0.592321
0.209387
0.782840
0.502913
-0.325244
-0.798850
-0.401623
0.433416
0.795985
0.290844
-0.531348
-0.774314
-0.173194
0.616726
0.734348
0.051451
-0.687533
-0.677032
0.071507
0.742095
-0.396871
-0.436253
-0.379296
-0.523291
-0.413852
-0.427864
-0.362024
-0.343406
-0.383218
-0.362366
-0.309558
-0.324848
-0.213019
-0.248187
-0.349587
-0.197782
-0.206441
-0.212580
-0.170757
-0.082959
-0.003490
-0.037940
-0.069983
-0.005450
-0.042422
-0.048109
-0.067704
-0.096835
-0.030558
-0.007399
-0.026611
-0.051070
-0.087802
-0.021800
-0.130896
-0.039846
-0.142781
-0.144350
-0.193776
-0.158483
-0.096512
-0.129886
-0.115314
-0.144552
-0.229830
-0.192478
-0.213327
-0.103075
-0.221506
-0.105736
-0.091184
-0.026431
-0.117212
-0.036775
0.069019
-0.045831
-0.059049
-0.041394
0.125076
0.033699
0.148864
0.229785
0.258028
0.310891
0.341172
0.433625
0.360482
0.411082
0.441203
0.553997
0.587622
0.592491
0.653441
0.556549
0.716731
0.724121
0.695986
0.756232
0.589024
0.647255
0.635419
0.704271
0.609267
0.691081
0.711343
0.665711
0.632163
0.554872
0.547865
0.638667
0.601545
0.547799
0.517157
0.426520
0.465775
0.608411
0.444577
0.516256
0.557896
0.448171
0.526242
0.572680
0.537821
0.694558
0.484030
0.638904
0.597784
0.667151
0.674117
0.639921
0.713226
0.634370
0.782818
0.792462
0.833496
0.877201
0.863756
0.871851
0.837122
0.859650
0.965772
0.986285
0.907268
0.922709
0.872852
0.970787
0.935886
0.986598
0.829103
0.834314
0.841894
0.836907
0.765493
-2.922584
-2.867334
-2.909358
-3.026393
-2.948727
-2.994258
-3.082264
-3.120753
-3.131936
-3.236414
-3.223953
-3.363317
-3.239953
-3.387516
-3.257320
-3.369271
-3.380735
-3.415972
-3.410455
-3.333663
-3.534669
-3.349404
-3.396783
-3.472146
-3.461603
-3.318285
-3.442189
-3.444275
-3.320683
-3.351182
-3.405566
-3.338780
-3.392593
-3.279073
-3.275312
-3.297824
-3.304451
-3.234907
-3.325955
-3.390723
-3.317692
-3.247331
-3.416805
-3.401526
-3.382905
-3.429472
-3.501558
-3.424428
-3.394762
-3.533083
-3.621783
-3.688934
-3.634340
-3.628257
-3.695961
-3.755759
-3.820267
-3.879422
-3.815545
-3.842154
-3.993435
-3.862396
-3.936077
-3.914605
-4.068209
-4.082473
-4.031164
-4.004509
-3.942157
-3.995435
-4.038168
-4.069320
-3.945327
-4.040977
-3.894589
-3.971160
-3.856332
-3.879182
-3.895970
-0.265540
-0.231224
-0.167274
-0.159635
-0.168656
-0.123750
-0.089409
-0.179318
-0.031466
-0.087038
-0.081776
-0.097065
-0.093614
-0.065604
-0.029889
0.103967
-0.021808
0.009134
0.013792
-0.008170
-0.028839
-0.096429
0.023055
0.027260
-0.161255
-0.142381
-0.118879
-0.166092
-0.104432
-0.176533
-0.040434
-0.095584
-0.148469
-0.109041
-0.103474
-0.182253
-0.186929
-0.130966
-0.077202
-0.095411
-0.160030
-0.096985
-0.033214
-0.003185
0.131878
-0.001145
0.130268
0.217861
0.296601
0.203248
0.288889
0.333655
0.355380
0.380287
0.445444
0.333868
0.529487
0.534345
0.547026
0.687821
0.576068
0.610845
0.748495
0.621904
0.647247
0.675339
0.729440
0.699415
0.623101
0.657137
0.646954
0.664893
0.679657
0.667409
0.544723
0.673011
0.618385
0.660960
0.600336
0.620365
0.576928
0.610669
0.560979
0.523492
0.637770
0.566782
0.551759
0.462650
0.468139
0.555968
0.560020
0.535980
0.590057
0.680947
0.656742
0.587052
0.662024
0.651879
0.697939
0.722132
0.744322
0.730345
0.810728
0.811813
0.714451
0.982643
0.951162
0.891994
0.922924
0.871433
1.019507
1.030822
0.941465
0.978874
0.926928
0.838249
0.867976
0.875359
0.823143
0.809198
0.787255
0.757221
0.731409
0.641755
0.623770
0.559472
0.636323
0.445939
0.573148
0.549879
0.431763
0.284590
0.366437
0.353216
0.280229
0.281948
0.363945
0.303296
0.209387
0.164268
0.219260
0.219249
0.251759
0.199750
0.253981
0.329120
0.278871
0.242883
0.244435
0.244819
0.331123
0.250165
0.292851
0.301455
0.280997
0.243196
0.331925
0.314616
0.342246
0.287581
0.369612
0.256196
0.374169
0.186751
0.278486
0.260245
0.173646
0.208977
0.223656
0.018595
0.122448
-0.061043
-0.019569
0.074420
-0.072339
-0.138213
-0.125335
-0.047208
-0.276198
-0.269648
-0.172771
-0.183063
-0.306859
-0.386533
-0.239592
-0.281180
-0.340034
-0.424135
-0.391900
-0.399793
-0.373996
-0.313284
-0.333830
-0.420496
-0.283716
-0.320155
-0.282388
-0.222334
-0.328508
-0.250711
-0.250594
-0.277024
-0.155806
-0.022367
-0.215421
-0.101534
-0.045762
-0.051179
-0.044482
-0.087464
0.003078
-0.034988
-0.097868
0.077446
0.069030
0.024435
0.031488
0.069510
0.020533
0.046025
-0.024293
0.044483
-0.017904
-0.037849
-0.125077
-0.061284
-0.130938
-0.134231
-0.154951
-0.177883
-0.026901
-0.072996
-0.047532
-0.205987
-0.139658
-0.203183
-0.165355
-0.165231
-0.042756
-0.106628
-0.012213
-0.011089
0.101215
-0.057825
0.111760
0.141024
0.071868
0.209310
0.215384
0.227642
0.238668
0.284760
0.463645
0.400812
0.478300
0.436483
0.471939
0.597683
0.506219
0.580265
0.627064
0.652115
0.655511
0.698846
0.724944
0.734970
0.653661
0.690365
0.763019
0.744026
0.624227
0.701876
0.575001
0.664394
0.743960
0.587968
0.579588
0.645483
0.516534
0.549209
0.598971
0.527192
0.538616
0.581145
0.560774
0.551219
0.521664
0.560517
0.541916
0.579770
0.543445
0.573106
0.549058
0.615313
0.596970
0.603948
0.696081
0.718312
0.772016
0.736805
0.804155
0.836190
0.854898
0.814109
0.883940
0.913749
0.912631
0.822034
0.945556
1.056191
0.932267
0.915101
0.967846
0.958864
0.993348
0.857740
0.940684
0.913832
0.854311
0.852613
0.858845
0.820429
0.687193
0.751342
0.671935
0.642893
0.606640
0.559257
0.590601
0.491924
0.406443
0.410618
0.408985
0.433434
0.376462
0.280730
0.427243
0.298836
0.334933
0.252110
0.277827
0.287443
0.303406
0.294932
0.287564
0.232156
0.225057
0.277466
0.315797
0.267064
0.340898
0.369709
0.260321
0.272597
0.314616
0.342748
0.305096
0.400825
0.353985
0.331781
0.252324
0.249792
0.318166
0.183052
0.322927
0.244114
0.391126
0.318702
0.166155
0.139667
0.162638
0.164328
-0.037639
-0.080809
-0.058804
-0.034834
-0.075047
-0.081567
-0.229050
-0.317342
-0.189193
-0.301810
-0.387064
-0.301779
-0.289178
-0.351457
-0.381325
-0.375935
-0.392429
-0.443629
-0.410725
-0.344222
-0.346169
-0.342676
-0.386751
-0.329339
-0.410046
-0.271189
-0.185938
-0.307078
-0.237770
-0.166627
-0.094951
-0.154808
-0.142482
-0.182818
-0.057070
0.060319
-0.009410
-0.008069
0.023091
0.017844
-0.013474
0.074429
0.047947
0.038281
-0.013186
0.096518
0.058099
-0.011274
0.056221
-0.030446
-0.057495
-0.069988
-0.134579
-0.036506
-0.165350
-0.148191
-0.202413
-0.113327
-0.125107
-0.140350
-0.180131
-0.187906
-0.104454
-0.150487
-0.099204
-0.148039
-0.080134
-0.006104
-0.020776
-0.046368
0.014441
0.019662
0.064741
0.082970
0.127868
0.185106
0.164457
0.203770
0.225986
0.256250
0.315838
0.424299
0.410102
0.517257
0.528216
0.460707
0.621995
0.657114
0.591217
0.683104
0.637189
0.699487
0.642624
0.624131
0.699359
0.713935
0.698945
0.655640
0.688423
0.713315
0.687216
0.686720
0.631114
0.709496
0.578044
0.647208
0.668316
0.620440
0.574571
0.548039
0.617767
0.488335
0.506738
0.533548
0.616051
0.576550
0.515248
0.556913
0.553124
0.562293
0.663049
0.564025
0.733507
0.716610
0.753239
0.700076
0.740923
0.702252
0.773067
0.848881
0.913010
0.815582
0.873744
0.903525
0.858030
0.971473
0.916880
0.951343
0.000000
0.000000
0.000000
0.000000
0.000000
0.000000
0.000000
0.000000
0.000000
0.000000
0.000000
0.000000
0.000000
0.000000
0.000000
0.000000
0.000000
0.000000
0.000000
0.000000
0.000000
0.000000
0.000000
0.000000
0.000000
0.000000
0.000000
0.000000
0.000000
0.000000
0.000000
0.000000
0.000000
0.000000
0.000000
0.000000
0.000000
0.000000
0.000000
0.000000
0.000000
0.000000
0.000000
0.000000
0.000000
0.000000
0.000000
0.000000
0.000000
0.000000
1.000000
1.000000
1.000000
1.000000
1.000000
1.000000
1.000000
1.000000
1.000000
1.000000
1.000000
1.000000
1.000000
1.000000
1.000000
1.000000
1.000000
1.000000
1.000000
1.000000
1.000000
1.000000
1.000000
1.000000
1.000000
1.000000
1.000000
1.000000
1.000000
1.000000
1.000000
1.000000
1.000000
1.000000
1.000000
1.000000
1.000000
1.000000
1.000000
1.000000
1.000000
1.000000
1.000000
1.000000
1.000000
1.000000
1.000000
1.000000
1.000000
1.000000
