0.012870
-0.004579
0.062355
0.094153
0.202214
0.175490
0.255949
0.364197
0.356940
0.299160
0.328131
0.389398
0.301114
0.356028
0.435019
0.412090
0.519772
0.393710
0.370993
0.374863
0.413617
0.396302
0.505467
0.362124
0.371821
0.399594
0.335924
0.355076
0.333429
0.342712
0.218756
0.319295
0.263492
0.273283
0.240346
0.340809
0.156241
0.331949
0.234117
0.353290
0.349309
0.352935
0.359910
0.450321
0.327711
0.350521
0.370283
0.473858
0.387835
0.528836
0.489242
0.475171
0.498682
0.535451
0.522063
0.641138
0.674746
0.694172
0.626083
0.680832
0.670397
0.705944
0.691280
0.667613
0.560644
0.632149
0.629499
0.569408
0.567791
0.490545
0.511140
0.521924
0.568611
0.379507
0.393775
0.310976
0.318148
0.275374
0.292447
0.264598
0.190339
0.144343
0.179143
0.100727
0.141889
-0.038689
0.111833
-0.025543
-0.063415
-0.022804
-0.087293
-0.006355
-0.060911
-0.023848
-0.085198
-0.043500
-0.021803
-0.028882
0.068419
0.027184
0.017512
-0.076064
0.044727
0.095925
0.006806
0.037116
-0.100301
-0.009410
-0.051767
0.054663
0.036252
0.029932
0.001902
0.060269
-0.069719
-0.032063
-0.021592
-0.086051
-0.109704
-0.176666
-0.184291
-0.165319
-0.337120
-0.279806
-0.337331
-0.347909
-0.291659
-0.437819
-0.375033
-0.426960
-0.511045
-0.536495
-0.557532
-0.630749
-0.577958
-0.656457
-0.637118
-0.758242
-0.697545
-0.629957
-0.711654
-0.634082
-0.668113
-0.582075
-0.554604
-0.591895
-0.582453
-0.558612
-0.538978
-0.454319
-0.363765
-0.530295
-0.489551
-0.344786
-0.445536
-0.433530
-0.237034
-0.336065
-0.316355
-0.312972
-0.244525
-0.318840
-0.164692
-0.209675
-0.246529
-0.270786
-0.239611
-0.197070
-0.124878
-0.188808
-0.223849
-0.284044
-0.237403
-0.329961
-0.310073
-0.282195
-0.324105
-0.400658
-0.455932
-0.364613
-0.391528
-0.358188
-0.405785
-0.428956
-0.355661
-0.353834
-0.501177
-0.460432
-0.363400
-0.355239
-0.340146
-0.265268
-0.178366
-0.300604
-0.219760
-0.182754
-0.134390
-0.167425
-0.043253
-0.024355
0.116601
0.074741
0.060909
0.060697
0.169069
0.173314
0.224512
0.295625
0.320203
0.345471
0.429721
0.401686
0.534877
0.421854
0.404684
0.358107
0.371952
0.484628
0.470437
0.429514
0.416352
0.374618
0.400286
0.402909
0.282870
0.406301
0.254616
0.358801
0.326104
0.330111
0.271380
0.378232
0.320966
0.310350
0.265388
0.268750
0.317535
0.341753
0.352732
0.289177
0.305739
0.333395
0.320070
0.316199
0.380437
0.417906
0.443918
0.438479
0.434546
0.517896
0.538369
0.497260
0.614659
0.627937
0.608927
0.567375
0.586105
0.682616
0.645791
0.666386
0.628347
0.727186
0.589103
0.675371
0.685976
0.685730
0.662723
0.557825
0.575280
0.532935
0.483246
0.423273
0.502742
0.503778
0.381058
0.412034
0.364262
0.256006
0.259734
0.232625
0.233811
0.170209
0.047329
0.197937
0.100173
0.007957
-0.039478
-0.023576
-0.011968
-0.039870
-0.038217
-0.071120
0.004650
-0.075980
0.005269
0.016218
-0.087178
-0.028427
0.048958
0.020440
0.065299
0.085603
-0.015873
0.026963
0.070426
0.047507
0.082151
0.140636
0.056833
0.074758
0.051750
-0.053322
-0.003899
0.012835
-0.016926
0.025481
0.016717
-0.097711
-0.037739
-0.147605
-0.138368
-0.206999
-0.289526
-0.297035
-0.376706
-0.289889
-0.298278
-0.355947
-0.450748
-0.432664
-0.595888
-0.475045
-0.459437
-0.541648
-0.620193
-0.569538
-0.621525
-0.685956
-0.707765
-0.653738
-0.639771
-0.765171
-0.482619
-0.639198
-0.538060
-0.584893
-0.503702
-0.435185
-0.550667
-0.516487
-0.444682
-0.400058
-0.412703
-0.406532
-0.443825
-0.345900
-0.379649
-0.307604
-0.228600
-0.253685
-0.241514
-0.325114
-0.214794
-0.259502
-0.326591
-0.162413
-0.243129
-0.232636
-0.217500
-0.186667
-0.297585
-0.198636
-0.286621
-0.338220
-0.306539
-0.357922
-0.344939
-0.277521
-0.459197
-0.371754
-0.384455
-0.405811
-0.417332
-0.361300
-0.424008
-0.533728
-0.456546
-0.385316
-0.309967
-0.309610
-0.424074
-0.264128
-0.259108
-0.260769
-0.227237
-0.137540
-0.115427
-0.142116
-0.106417
-0.006007
0.121931
0.122667
0.140301
0.096837
0.147882
0.258504
0.300339
0.252549
0.314705
0.308513
0.345760
0.446221
0.399685
0.381963
0.365432
0.440267
0.436835
0.526177
0.410007
0.400767
0.473559
0.444551
0.422963
0.419441
0.375311
0.388504
0.408796
0.300521
0.387357
0.383576
0.292472
0.453056
0.394057
0.208071
0.339974
0.324775
0.233790
0.317042
0.273853
0.350943
0.269000
0.282016
0.442209
0.368260
0.425571
0.458305
0.425796
0.436038
0.507667
0.597024
0.540906
0.579293
0.572765
0.622011
0.600815
0.663269
0.711085
0.747649
0.734077
0.718068
0.798605
0.697968
0.689844
0.601353
0.699494
0.703872
0.709611
0.628328
0.727225
0.629545
0.503707
0.546089
0.493223
0.526726
0.427091
0.347130
0.368386
0.289194
0.192959
0.203382
0.219484
0.152480
0.214681
0.055297
0.057001
0.022582
0.060615
0.103988
0.021366
-0.000872
0.063042
0.110469
0.011510
-0.105460
-0.069706
0.024423
0.021661
-0.096637
0.044110
0.059457
-0.030437
0.128044
0.064011
0.091620
0.043524
0.162097
0.198226
0.092318
0.158402
0.024019
0.076906
0.018740
0.045663
-0.006054
0.007697
0.035089
-0.102786
-0.109321
-0.095065
-0.074279
-0.049532
-0.189915
-0.208825
-0.264928
-0.308303
-0.307277
-0.373955
-0.346028
-0.429789
-0.421521
-0.428706
-0.473727
-0.573868
-0.537298
-0.544063
-0.605719
-0.534535
-0.625965
-0.650539
-0.657791
-0.611355
-0.584513
-0.623004
-0.549613
-0.490186
-0.611496
-0.517282
-0.459711
-0.535540
-0.545805
-0.429272
-0.412994
-0.441510
-0.356282
-0.340950
-0.343077
-0.283240
-0.306303
-0.245500
-0.382962
-0.266330
-0.229184
-0.280860
-0.230256
-0.244771
-0.211395
-0.280602
-0.285524
-0.282407
-0.285231
-0.302112
-0.261038
-0.176182
-0.240481
-0.377734
-0.248387
-0.291916
-0.343870
-0.405658
-0.279695
-0.417460
-0.392030
-0.295373
-0.364718
-0.342651
-0.374261
-0.374070
-0.348695
-0.273509
-0.320572
-0.268191
-0.341015
-0.223241
-0.201369
-0.180270
-0.091831
-0.039584
-0.023614
-0.028757
0.015661
0.056353
0.132305
0.075895
0.084403
0.260386
0.165241
0.172129
0.382161
0.307644
0.280384
0.444231
0.407626
0.412287
0.433241
0.452847
0.479875
0.438893
0.479096
0.467021
0.342947
0.384043
0.397060
0.426446
0.446958
0.504416
0.337672
0.398567
0.397237
0.407939
0.334148
0.349027
0.334955
0.345939
0.336001
0.155593
0.287714
0.315981
0.223736
0.384559
0.300699
0.388002
0.291443
0.356488
0.383624
0.375133
0.382641
0.469547
0.484208
0.480211
0.574480
0.570875
0.553976
0.522527
0.668749
0.643761
0.614322
0.590767
0.770472
0.710356
0.668545
0.700938
0.620360
0.761809
0.716402
0.738990
0.597291
0.684371
0.629189
0.652227
0.603813
0.554579
0.497695
0.482756
0.405900
0.430606
0.500655
0.410194
0.378451
0.311476
0.292241
0.223883
0.143046
0.119621
0.190129
0.079684
0.084436
0.107878
0.028813
0.057824
-0.029027
-0.002273
-0.018657
0.038155
0.033157
0.032933
0.008790
0.042012
-0.007818
0.011625
0.076521
0.045335
0.018371
0.069563
0.148440
0.072527
0.091806
0.132966
0.153433
0.115887
0.075105
0.130794
0.047012
0.172348
0.013782
0.076221
-0.028186
0.057976
-0.153270
-0.098128
-0.182161
-0.180163
-0.133380
-0.103750
-0.268070
-0.277564
-0.244298
-0.349574
-0.364098
-0.506659
-0.410519
-0.528513
-0.506155
-0.524686
-0.606027
-0.516570
-0.562653
-0.585437
-0.586608
-0.658657
-0.700281
-0.540710
-0.573917
-0.496326
-0.595850
-0.615063
-0.580082
-0.566206
-0.522043
-0.560102
-0.542966
-0.453211
-0.399705
-0.408231
-0.314891
-0.341159
-0.343904
-0.288243
-0.264559
-0.177584
-0.311902
-0.189507
-0.300599
-0.319755
-0.284311
-0.176731
-0.170135
-0.147516
-0.299763
-0.257776
-0.274487
-0.280664
-0.280525
-0.297972
-0.235430
-0.296974
-0.313415
-0.330696
-0.300598
-0.309456
-0.297729
-0.337449
-0.315859
-0.273216
-0.361535
-0.414776
-0.437214
-0.402832
-0.337856
-0.236728
-0.330822
-0.193328
-0.258315
-0.289966
-0.246506
-0.190579
-0.136075
-0.119029
-0.061685
0.056482
0.072244
0.051165
-0.002633
0.153263
0.191823
0.266721
0.254723
0.224527
0.318338
0.366079
0.315657
0.375289
0.369166
0.533879
0.405559
0.438882
0.487376
0.457803
0.487627
0.469596
0.486108
0.511953
0.479816
0.492069
0.438875
0.428694
0.385843
0.372664
0.352418
0.397732
0.406722
0.378198
0.374188
0.333605
0.296857
0.380707
0.325657
0.212860
0.311284
0.303787
0.329006
0.262476
0.380554
0.353215
0.456824
0.323358
0.496697
0.442997
0.509297
0.467729
0.556571
0.495908
0.611562
0.569521
0.555510
0.670724
0.701925
0.679005
0.740459
0.797023
0.776610
0.674451
0.625066
0.695923
0.661054
0.770555
0.675509
0.628209
0.716078
0.655050
0.591415
0.685701
0.576458
0.452906
0.413728
0.411723
0.471197
0.464055
0.342387
0.281086
0.309831
0.309376
0.124635
0.159643
0.182833
0.171426
0.080557
0.099820
0.135871
-0.069580
0.070595
0.105957
-0.008893
-0.015418
-0.034604
0.019826
0.057257
-0.013957
0.070780
0.118889
0.118791
0.168944
0.098368
0.093801
0.148768
0.044496
0.051939
0.081466
0.052679
0.149755
0.116746
0.076353
-0.005970
0.030901
0.141103
0.148759
0.118554
0.020314
-0.078371
-0.080488
-0.038986
0.007426
-0.102808
-0.177630
-0.206137
-0.311088
-0.356776
-0.355647
-0.363455
-0.443258
-0.337708
-0.495378
-0.492507
-0.551218
-0.588660
-0.590245
-0.485091
-0.551341
-0.589911
-0.607698
-0.536958
-0.583054
-0.606513
-0.562451
-0.621211
-0.579660
-0.475162
-0.425793
-0.554406
-0.488882
-0.445288
-0.437628
-0.354005
-0.434052
-0.336543
-0.286932
-0.216025
-0.348731
-0.269722
-0.229957
-0.239056
-0.263632
-0.273576
-0.148388
-0.159810
-0.123606
-0.229721
-0.213732
-0.103688
-0.151477
-0.166293
-0.184533
-0.324570
-0.182721
-0.339548
-0.301723
-0.266093
-0.286368
-0.330775
-0.321845
-0.336277
-0.312268
-0.322138
-0.341703
-0.328158
-0.336106
-0.329848
-0.314386
-0.333026
-0.317373
-0.242229
-0.303614
-0.304043
-0.192258
-0.165671
-0.102777
-0.118776
-0.074842
-0.060203
-0.081153
0.022717
0.113233
0.124926
0.204548
0.226005
0.225312
0.386662
0.385723
0.316827
0.363524
0.470247
0.517701
0.529961
0.396846
0.496285
0.565998
0.493609
0.579973
0.499266
0.525120
0.472183
0.466191
0.445511
0.469872
0.417793
0.515908
0.414846
0.431974
0.389674
0.451292
0.385345
0.401065
0.366201
0.415637
0.334170
0.245150
0.353088
0.347652
0.324759
0.326268
0.350808
0.367521
0.424758
0.381176
0.452135
0.341043
0.467837
0.402764
0.539947
0.652203
0.496166
0.651492
0.565461
0.624898
0.691872
0.629261
0.693965
0.653527
0.774821
0.715336
0.715225
0.724084
0.699867
0.733009
0.636259
0.821075
0.750355
0.699151
0.597732
0.682457
0.645283
0.550799
0.571875
0.524666
0.366511
0.476292
0.470173
0.336813
0.339397
0.327028
0.248906
0.264989
0.264393
0.191775
0.155914
0.091885
0.100910
0.063413
0.172775
0.092920
0.127338
0.115131
-0.024196
0.125343
0.030498
0.063454
0.010015
0.044077
-0.007255
0.108433
0.069438
0.093765
0.055427
0.098903
0.101385
0.095966
0.054307
0.128517
0.184222
0.105091
0.219294
0.127099
0.157932
0.125795
0.050581
0.086489
0.025817
0.036122
0.033730
-0.068554
-0.002870
-0.113788
-0.176426
-0.159416
-0.248866
-0.290728
-0.333257
-0.197383
-0.303048
-0.350383
-0.381592
-0.408442
-0.408048
-0.478469
-0.507505
-0.596290
-0.588915
-0.545555
-0.642012
-0.539434
-0.585182
-0.599464
-0.495815
-0.613762
-0.555121
-0.563367
-0.442792
-0.546313
-0.488505
-0.492438
-0.414323
-0.374182
-0.462373
-0.385249
-0.327556
-0.288804
-0.308928
-0.268474
-0.207875
-0.182657
-0.325902
-0.206319
-0.212849
-0.169994
-0.141956
-0.209372
-0.184506
-0.165286
-0.147445
-0.219002
-0.192898
-0.260120
-0.213200
-0.222066
-0.300138
-0.201932
-0.236785
-0.327024
-0.281014
-0.292988
-0.407058
-0.347409
-0.317163
-0.411061
-0.362496
-0.305978
-0.310211
-0.388113
-0.256135
-0.269655
-0.248593
-0.142709
-0.243115
-0.156737
-0.251373
-0.112673
0.010092
-0.033079
-0.051480
-0.072195
0.024210
0.108724
0.030533
0.180258
0.183722
0.205491
0.300385
0.290538
0.321931
0.355538
0.355648
0.449292
0.364444
0.481495
0.516625
0.547627
0.527512
0.573072
0.450134
0.494847
0.467374
0.409124
0.516235
0.521541
0.467293
0.515179
0.432423
0.408198
0.442320
0.419158
0.436082
0.343010
0.293663
0.312919
0.300524
0.365658
0.383361
0.396556
0.309337
0.336735
0.329589
0.395479
0.400026
0.423509
0.384559
0.393356
0.454865
0.437209
0.594243
0.564048
0.504755
0.647598
0.603772
0.644274
0.712933
0.705833
0.678439
0.741654
0.657379
0.678176
0.782149
0.753945
0.711156
0.761959
0.772943
0.690189
0.777533
0.767576
0.720076
0.610569
0.653369
0.665536
0.551212
0.512812
0.465960
0.439072
0.417182
0.438876
0.427574
0.271945
0.330812
0.304922
0.271875
0.260629
0.119377
0.101458
0.180573
0.161683
0.008482
0.035681
0.110223
0.058087
0.094110
0.055122
0.082320
-0.003949
0.018327
0.028427
0.086881
0.109610
0.098307
0.074444
0.105691
0.103228
0.124339
0.147565
0.146217
0.134306
0.075457
0.095224
0.121629
0.056068
0.174235
0.124527
0.186595
0.125952
0.074838
0.069968
0.075816
-0.038685
-0.032734
-0.082109
-0.104519
-0.136489
-0.168164
-0.173226
-0.168820
-0.306823
-0.374195
-0.383023
-0.348581
-0.428974
-0.520760
-0.455348
-0.518465
-0.543028
-0.548798
-0.591922
-0.574367
-0.534397
-0.468267
-0.482989
-0.642337
-0.554860
-0.500483
-0.481278
-0.531155
-0.522052
-0.401129
-0.390404
-0.459080
-0.376463
-0.361916
-0.352722
-0.283917
-0.279583
-0.332491
-0.328627
-0.184046
-0.243520
-0.167208
-0.171441
-0.057815
-0.181469
-0.130535
-0.117792
-0.159908
-0.145703
-0.179870
-0.182463
-0.179791
-0.160444
-0.147933
-0.272549
-0.178810
-0.213775
-0.206096
-0.311853
-0.332362
-0.296647
-0.340647
-0.326692
-0.323094
-0.239549
-0.277605
-0.302064
-0.394905
-0.216387
-0.396249
-0.306975
-0.230068
-0.124779
-0.187317
-0.211298
-0.211082
-0.041557
-0.116607
0.037851
0.019174
0.032915
0.094276
0.161367
0.177210
0.093755
0.278437
0.145503
0.307244
0.287346
0.334039
0.361696
0.399772
0.456243
0.441125
0.511760
0.477307
0.371089
0.444742
0.483791
0.491175
0.478177
0.492096
0.535432
0.503478
0.554424
0.468480
0.414181
0.459990
0.442913
0.475343
0.393617
0.459341
0.323671
0.362286
0.378636
0.488023
0.402775
0.288220
0.392999
0.446635
0.344775
0.397412
0.504750
0.498667
0.388129
0.409423
0.536797
0.542929
0.446949
0.564160
0.637500
0.715602
0.561508
0.598957
0.743301
0.626836
0.695717
0.712401
0.701663
0.712019
0.713513
0.754992
0.749729
0.738700
0.694743
0.852613
0.784188
0.759536
0.775188
0.659385
0.686318
0.735086
0.703422
0.588396
0.611166
0.530906
0.526139
0.470784
0.306511
0.474863
0.387253
0.283618
0.273187
0.249643
0.268866
0.255128
0.226090
0.188140
0.071078
0.145949
0.117098
0.076971
0.069109
0.114639
0.105151
0.065452
-0.029031
-0.015476
0.002274
0.081577
0.113685
0.137345
0.184234
0.143413
0.050275
0.209158
0.253258
0.205788
0.188788
0.239679
0.129550
0.202348
0.161197
0.131142
-0.001494
0.052143
0.119956
0.121166
0.040771
0.057928
-0.017010
-0.042396
-0.098973
-0.102063
-0.103097
-0.133254
-0.176483
-0.265564
-0.299787
-0.314784
-0.380513
-0.406829
-0.396826
-0.464297
-0.471787
-0.533464
-0.481571
-0.511850
-0.515665
-0.573546
-0.493140
-0.538054
-0.537072
-0.508960
-0.433162
-0.627557
-0.502509
-0.516711
-0.522790
-0.539182
-0.327910
-0.408474
-0.314873
-0.318983
-0.382467
-0.296201
-0.262838
-0.240501
-0.202085
-0.289785
-0.147071
-0.151838
-0.177552
-0.091651
-0.110282
-0.139237
-0.079406
-0.133843
-0.091831
-0.100585
-0.240829
-0.068886
-0.123668
-0.143642
-0.217358
-0.157330
-0.333961
-0.244669
-0.259983
-0.222948
-0.336184
-0.283845
-0.295546
-0.319163
-0.348365
-0.296714
-0.359838
-0.314570
-0.388307
-0.339666
-0.302128
-0.212153
-0.265588
-0.252939
-0.194391
-0.101650
-0.029091
-0.066038
-0.108450
-0.073560
0.022831
-0.021805
0.127224
0.188520
0.102627
0.215644
0.274005
0.357105
0.376313
0.331492
0.490838
0.388173
0.480140
0.486689
0.530521
0.531920
0.599092
0.511993
0.486673
0.631270
0.574257
0.477396
0.430656
0.563024
0.481291
0.614214
0.519203
0.485118
0.509312
0.529502
0.369256
0.364551
0.379466
0.429484
0.328264
0.382937
0.279636
0.385868
0.395625
0.337221
0.383974
0.429894
0.359716
0.448624
0.507122
0.523510
0.419795
0.499752
0.498942
0.540574
0.616430
0.436785
0.582038
0.616886
0.706015
0.796786
0.740855
0.788595
0.779244
0.823784
0.771742
0.797045
0.867696
0.857696
0.873560
0.770421
0.740912
0.772974
0.662684
0.612358
0.724616
0.711654
0.633458
0.526650
0.671029
0.488027
0.566102
0.480454
0.434940
0.470373
0.382359
0.430349
0.190441
0.263333
0.252124
0.207924
0.262253
0.218580
0.149936
0.068588
0.140293
0.096661
0.025202
0.018646
0.121698
0.036552
0.138261
0.100387
0.057219
0.079251
0.180369
-0.013644
0.134890
0.147241
0.237368
0.102458
0.183662
0.195421
0.121525
0.117232
0.148622
0.211914
0.166854
0.142139
0.159375
0.162743
0.169171
0.059879
0.059184
0.070892
0.086092
0.054386
0.086981
-0.138252
-0.079804
-0.242929
-0.200390
-0.188281
-0.221850
-0.337969
-0.351950
-0.373623
-0.372842
-0.484059
-0.385610
-0.547106
-0.519991
-0.485756
-0.514448
-0.597257
-0.493522
-0.440608
-0.383304
-0.566293
-0.514396
-0.464331
-0.568833
-0.486594
-0.375808
-0.484470
-0.477293
-0.372813
-0.376984
-0.391942
-0.316813
-0.314566
-0.374931
-0.314534
-0.270563
-0.159739
-0.206990
-0.121941
-0.160600
-0.177838
-0.135568
-0.087101
-0.141255
-0.128495
-0.176137
-0.164703
-0.194624
-0.100389
-0.142361
-0.171671
-0.225836
-0.135979
-0.172793
-0.173228
-0.172476
-0.297284
-0.260942
-0.286436
-0.196587
-0.309998
-0.279156
-0.284952
-0.362127
-0.346900
-0.311967
-0.310388
-0.204773
-0.295372
-0.187646
-0.133235
-0.193249
-0.137672
-0.005174
-0.039248
0.029669
-0.019518
0.069450
0.095971
0.117878
0.116776
0.191117
0.267867
0.329771
0.340291
0.330792
0.434013
0.409091
0.511582
0.512039
0.509948
0.520032
0.542286
0.561575
0.565933
0.514328
0.599984
0.575036
0.551904
0.507391
0.490803
0.540351
0.511682
0.456293
0.506518
0.483917
0.511622
0.401364
0.467077
0.385674
0.488213
0.448537
0.384050
0.377163
0.349424
0.471518
0.489131
0.276772
0.465571
0.378496
0.465921
0.449993
0.437021
0.486160
0.540548
0.559766
0.586614
0.495748
0.686792
0.674249
0.662558
0.676271
0.802667
0.698993
0.776154
0.709270
0.811238
0.695517
0.756608
0.839462
0.828507
0.836789
0.839543
0.737189
0.802124
0.819588
0.779537
0.725774
0.640704
0.678948
0.584228
0.631911
0.502836
0.486316
0.468786
0.513499
0.347734
0.325098
0.335453
0.350531
0.411138
0.223503
0.254412
0.155798
0.063074
0.153298
0.055153
0.163041
0.148804
0.078789
0.181748
0.038326
0.079207
0.021186
0.092143
0.089021
0.115105
0.041149
0.200601
0.197808
0.159346
0.119375
0.190616
0.136599
0.223536
0.084413
0.187504
0.170130
0.204374
0.152611
0.090654
0.075089
0.153634
0.107831
0.135122
0.104743
0.130471
0.089872
0.002622
-0.118067
-0.120240
-0.049719
-0.161243
-0.232581
-0.244813
-0.270636
-0.226013
-0.297907
-0.415614
-0.314196
-0.457670
-0.407559
-0.461175
-0.452511
-0.553791
-0.513672
-0.525682
-0.501630
-0.490291
-0.614607
-0.543209
-0.490284
-0.569447
-0.529120
-0.447864
-0.423829
-0.425136
-0.401651
-0.366853
-0.361396
-0.328960
-0.288692
-0.296167
-0.244844
-0.161231
-0.315600
-0.151295
-0.259909
-0.212730
-0.059494
-0.156937
-0.111554
-0.092761
-0.080844
-0.185139
-0.117436
-0.150409
-0.101545
-0.125155
-0.078419
-0.181184
-0.152605
-0.217020
-0.169865
-0.157485
-0.241290
-0.331306
-0.235262
-0.358092
-0.255765
-0.293466
-0.261899
-0.228579
-0.323524
-0.359109
-0.258399
-0.158174
-0.294438
-0.288379
-0.219828
-0.218461
-0.138029
-0.113617
-0.147793
0.048898
-0.066568
0.019284
0.066650
0.132594
0.116420
0.159573
0.221552
0.338571
0.300444
0.391386
0.329662
0.428729
0.451298
0.482738
0.602067
0.547466
0.514515
0.475380
0.599725
0.613511
0.543130
0.472180
0.622842
0.565863
0.575370
0.488983
0.547634
0.529664
0.541309
0.455587
0.557716
0.430100
0.474457
0.416534
0.409581
0.373109
0.436655
0.433150
0.408479
0.443447
0.432305
0.401005
0.471357
0.418402
0.477644
0.435726
0.451508
0.547112
0.455816
0.499167
0.452266
0.533029
0.549416
0.584087
0.641471
0.649540
0.745127
0.831815
0.707415
0.810354
0.788087
0.759803
0.792527
0.772956
0.787062
0.917981
0.845732
0.751132
0.771754
0.802530
0.710574
0.729883
0.721531
0.748801
0.688239
0.743096
0.486265
0.508756
0.530523
0.507474
0.422518
0.382160
0.430494
0.378879
0.369834
0.362098
0.254688
0.195860
0.223852
0.238122
0.189306
0.071153
0.121282
0.098984
0.085715
0.034535
0.123655
0.165872
0.122432
0.068633
0.175421
0.091890
0.129446
0.182140
0.156557
0.150264
0.171859
0.175508
0.166400
0.243707
0.189131
0.171660
0.186993
0.247530
0.160241
0.194618
0.202462
0.136278
0.108721
0.081978
0.083468
0.071911
0.100685
0.009192
0.027003
-0.032426
-0.112342
-0.084362
-0.185915
-0.189961
-0.223005
-0.267408
-0.320670
-0.267522
-0.331310
-0.347416
-0.472948
-0.410618
-0.474079
-0.442940
-0.370378
-0.496233
-0.503870
-0.590805
-0.444129
-0.569806
-0.564453
-0.453056
-0.532236
-0.413374
-0.482088
-0.425728
-0.323521
-0.359904
-0.390705
-0.277559
-0.341477
-0.210636
-0.176694
-0.216763
-0.232248
-0.173516
-0.215453
-0.092537
-0.171523
-0.131770
-0.068569
-0.139834
-0.035032
-0.124369
-0.101010
-0.152987
-0.058952
-0.081989
-0.143805
-0.146786
-0.091563
-0.145095
-0.163805
-0.155500
-0.185862
-0.212627
-0.223002
-0.335266
-0.286241
-0.402036
-0.226440
-0.292097
-0.206498
-0.347510
-0.284471
-0.261172
-0.182028
-0.188005
-0.117509
-0.115390
-0.202293
-0.001192
0.009407
0.002550
-0.003806
-0.009367
-0.048209
0.049240
0.037092
0.216563
0.321552
0.310491
0.319803
0.339775
0.456660
0.412649
0.502131
0.480040
0.533132
-0.100196
0.274563
0.412883
1.077228
0.739072
-0.401052
0.259324
0.730528
2.091739
2.473284
1.958373
2.944691
2.290625
1.945902
3.384164
2.421710
2.462302
3.042041
2.722254
2.530570
2.642841
2.121334
1.472302
2.534475
1.937415
1.440184
1.538126
1.463729
2.151536
2.016118
2.936483
1.399680
2.192543
2.367173
2.644069
2.646463
2.513026
2.500401
1.745454
3.130473
2.031739
3.000669
1.965438
2.709042
2.615985
3.121235
2.224964
3.237057
3.118727
3.486747
3.800728
2.070067
1.521185
2.605819
2.704147
2.613492
2.700646
0.681852
0.718268
0.634049
0.654215
0.473725
0.633283
0.587332
0.586585
0.512687
0.464283
0.377995
0.327025
0.222102
0.391045
0.225548
0.234709
0.188310
0.250772
0.179720
0.141174
0.193280
0.131513
0.176558
0.155806
0.107204
0.101271
0.127240
0.088237
0.143758
0.098932
0.164655
0.156185
0.136835
0.118110
0.220540
0.171728
0.146336
0.219849
0.223147
0.186558
0.282733
0.220235
0.230300
0.183764
0.207285
0.233698
0.034045
0.225714
0.062343
0.186678
0.080778
-0.025541
-0.050571
0.036667
-0.145416
-0.143066
-0.185258
-0.160718
-0.235676
-0.174600
-0.290097
-0.286734
-0.313101
-0.403948
-0.330330
-0.415652
-0.378752
-0.475455
-0.426303
-0.511615
-0.501496
-0.563265
-0.524114
-0.520733
-0.499127
-0.468255
-0.417644
-0.435327
-0.406245
-0.389041
-0.375486
-0.327736
-0.372117
-0.282915
-0.339896
-0.223882
-0.234055
-0.130863
-0.245123
-0.243506
-0.092990
-0.094597
-0.108748
-0.041860
-0.052055
-0.132352
-0.100135
-0.066250
-0.092518
-0.113806
-0.041326
-0.118658
-0.081788
-0.141991
-0.164199
-0.111311
-0.151711
-0.220985
-0.149056
-0.146739
-0.272196
-0.262100
-0.114614
-0.289509
-0.246974
-0.320794
-0.246887
0.372511
-0.326208
-0.329275
-0.359373
-0.121362
0.558535
0.568568
0.048360
-0.092771
0.308880
-0.149514
-0.011155
-0.371408
0.198434
-0.001412
0.103356
0.090517
1.147002
1.445138
0.508643
0.506313
0.340966
0.458178
0.489878
0.657155
0.689118
-0.228441
0.970155
0.450295
0.727480
0.946463
0.897626
-0.087921
0.044491
0.948280
0.691722
0.209354
0.882608
0.192246
0.711306
0.718247
1.225895
0.570107
0.453154
1.074436
0.638251
0.568697
0.314859
0.554648
0.289399
-0.411102
-0.561975
1.015828
0.690793
1.070576
0.808061
0.258762
0.191697
0.711522
0.281416
0.697703
0.726215
0.555061
1.176948
0.837377
1.218736
0.725708
0.644753
1.329427
1.215682
1.734233
1.827422
1.247963
0.972990
0.664798
-0.112863
-0.043941
1.082687
0.903779
0.880085
0.695818
0.750560
0.747198
0.722080
0.728545
0.676953
0.723471
0.663504
0.622564
0.635621
0.609643
0.449735
0.394619
0.417312
0.462349
0.282208
0.307066
0.294075
0.294446
0.275628
0.288220
0.130933
0.203375
0.207051
0.145832
0.158983
0.164028
0.105313
0.085384
0.162052
0.096329
0.165261
0.144250
0.203320
0.172445
0.138751
0.273252
0.190924
0.264272
0.212470
0.260633
0.175938
0.221768
0.195187
0.148481
0.131465
0.294476
0.141620
0.178491
0.232520
0.186282
0.129224
0.098367
0.144130
0.027495
-0.007135
-0.004188
-0.076078
-0.041249
-0.201005
-0.207070
-0.128347
-0.258515
-0.240671
-0.293881
-0.320042
-0.413853
-0.370974
-0.374989
-0.364532
-0.431764
-0.447961
-0.505917
-0.455728
-0.582140
-0.444121
-0.346534
0.227302
-1.215452
-0.540341
-0.201796
-0.834865
0.219222
0.044087
-0.078005
-0.397129
-0.786871
0.573715
-0.451838
-0.004252
0.242290
0.408140
-0.678425
-0.469285
0.246909
0.238950
0.241430
-0.919520
0.362175
0.312329
-0.029001
-0.025022
-0.097366
-0.085766
-0.137740
-0.044789
-0.124230
-0.117004
-0.125086
-0.070590
-0.150867
-0.127873
-0.154703
-0.254314
-0.258718
-0.193773
-0.275370
-0.281388
-0.175111
-0.221903
-0.257821
-0.269539
-0.248185
-0.248383
-0.136052
-0.192969
-0.160353
-0.183556
-0.076984
0.053656
-0.022963
0.021543
-0.011456
0.144659
0.238050
0.304179
0.243487
0.312944
0.422348
0.377576
0.538072
0.398134
0.437532
0.548688
0.394670
0.504174
0.620070
0.578859
0.696166
0.443844
0.499895
0.516797
0.639437
0.601278
0.617716
0.608864
0.627242
0.501776
0.643542
0.525116
0.592337
0.509823
0.543436
0.513458
0.462304
0.440258
0.521970
0.477486
0.506828
0.442981
0.335531
0.537890
0.482122
0.473685
0.476614
0.441727
0.451261
0.509047
0.660292
0.470440
0.590360
0.609140
0.631935
0.600887
0.707195
0.567580
0.683072
0.693088
0.703897
0.882189
0.858348
0.884939
0.879657
0.780741
0.885154
0.857595
0.936130
0.849374
0.833443
0.823657
0.836911
0.807232
0.856653
0.808010
0.813609
0.791192
0.731328
0.686852
0.621105
0.569279
0.547951
0.547688
0.436480
0.493250
0.267676
0.366852
0.374601
0.235022
0.289703
0.305320
0.159276
0.156695
0.204682
0.149041
0.148916
0.199500
0.159238
0.204904
0.179760
0.160799
0.260820
0.119121
0.192997
0.023621
0.235384
0.172020
0.277435
0.123284
0.246224
0.228685
0.230255
0.285553
0.235565
0.195406
0.245413
0.196027
0.189494
0.183717
0.211376
0.130772
0.161664
0.030205
0.116856
0.139347
0.153352
-0.000592
-0.101969
-0.057466
-0.059049
-0.171591
-0.245682
-0.104648
-0.217996
-0.246005
-0.265135
-0.323713
-0.305222
-0.332684
-0.409065
-0.487953
-0.469563
-0.302956
-0.502790
-0.388257
-0.450360
-0.469607
-0.474094
-0.489024
-0.519352
-0.428805
-0.392789
-0.504355
-0.323643
-0.345125
-0.274021
-0.356649
-0.259698
-0.246730
-0.263417
-0.137768
-0.211247
-0.196268
-0.134827
-0.075057
-0.030799
-0.036381
-0.069204
-0.024846
-0.095570
0.047303
0.027260
-0.067041
-0.067063
-0.126804
-0.081174
-0.082992
-0.172980
-0.033417
-0.155642
-0.122854
-0.152135
-0.124030
-0.174691
-0.103822
-0.198926
-0.280359
-0.276878
-0.273731
-0.278360
-0.207596
-0.280674
-0.150851
-0.234522
-0.167868
-0.198861
-0.202439
-0.254825
-0.117097
-0.063213
-0.059568
0.049713
0.061144
0.101972
0.156998
0.185505
0.297679
0.268629
0.349579
0.327388
0.474314
0.442283
0.439622
0.594138
0.483020
0.562343
0.501176
0.503503
0.610664
0.680254
0.576836
0.599492
0.523923
0.586566
0.633097
0.638805
0.602688
0.626248
0.720834
0.609226
0.559249
0.521386
0.506848
0.553818
0.514029
0.461951
0.468166
0.455208
0.402350
0.459546
0.533582
0.427338
0.470330
0.494042
0.480624
0.455399
0.574880
0.427839
0.527020
0.513466
0.698134
0.560819
0.620568
0.606796
0.618805
0.715820
0.772145
0.834625
0.785020
0.681202
0.801918
0.826482
0.905788
0.890024
0.794374
0.832753
0.847394
0.856882
0.862997
0.845665
0.832257
0.944357
0.957306
0.754281
0.767221
0.752567
0.641455
0.636258
0.640032
0.631039
0.523887
0.564136
0.515824
0.487950
0.507099
0.452831
0.436893
0.364205
0.335268
0.358707
0.282626
0.265560
0.349274
0.162899
0.138691
0.172904
0.229857
0.027586
0.213168
0.182211
0.156829
0.110113
0.195544
0.194333
0.167971
0.266601
0.234055
0.194155
0.200123
0.252032
0.251497
0.223606
0.211927
0.289731
0.255734
0.165297
0.196015
0.277447
0.260840
0.239488
0.207878
0.265877
0.201814
0.115730
0.170105
0.073952
0.139976
-0.047996
0.022069
-0.087580
-0.118864
-0.159942
-0.141634
-0.168388
-0.234049
-0.348122
-0.286595
-0.440577
-0.398965
-0.329610
-0.407294
-0.453759
-0.378701
-0.523525
-0.525436
-0.432529
-0.391190
-0.444632
-0.396817
-0.454995
-0.309403
-0.338333
-0.373571
-0.286317
-0.402851
-0.316154
-0.352122
-0.310940
-0.241384
-0.200968
-0.165393
-0.137490
-0.104515
-0.159974
-0.157308
-0.097592
-0.128979
-0.035769
0.016729
-0.045385
-0.097366
-0.015836
0.026836
-0.028945
-0.033595
0.062902
-0.063227
-0.098413
-0.050109
-0.092507
-0.100828
-0.181435
-0.139874
-0.156741
-0.186949
-0.207038
-0.130128
-0.191945
-0.235870
-0.136353
-0.237806
-0.267969
-0.098611
-0.123766
-0.131716
-0.250793
-0.106119
-0.134157
-0.092879
-0.046043
-0.018519
-0.052476
0.040570
0.168746
0.148030
0.143515
0.132691
0.221541
0.337990
0.348074
0.378106
0.426231
0.373803
0.431210
0.549560
0.568205
0.707871
0.455023
0.559577
0.607971
0.638125
0.627296
0.518063
0.685433
0.640289
0.678557
0.517607
0.549925
0.645082
0.527040
0.661692
0.558407
0.502673
0.450887
0.586391
0.617742
0.570823
0.632965
0.407693
0.483348
0.494613
0.444378
0.405781
0.540355
0.542749
0.608595
0.582172
0.517784
0.582051
0.633173
0.592977
0.555533
0.588731
0.614935
0.647664
0.634341
0.806917
0.692496
0.771208
-2.990204
-3.042313
-3.063657
-3.096430
-3.045926
-3.000356
-3.033368
-2.980634
-2.971348
-3.079036
-2.995024
-2.927752
-3.085986
-3.019658
-3.023996
-3.113367
-3.061546
-3.053899
-3.154777
-3.219868
-3.245015
-3.164289
-3.242721
-3.280153
-3.361565
-3.442954
-3.403430
-3.514563
-3.507298
-3.574294
-3.586852
-3.652194
-3.644813
-3.628901
-3.588913
-3.633476
-3.732992
-3.738116
-3.612262
-3.721453
-3.689172
-3.650444
-3.671608
-3.739083
-3.686245
-3.705187
-3.734142
-3.675816
-3.608642
-3.646473
-3.722972
-3.624868
-3.656634
-3.530311
-3.642338
-3.597674
-3.675098
-3.588912
-3.690658
-3.613406
-3.691864
0.267541
0.265627
0.158618
0.157586
0.159616
0.129389
0.052704
0.065416
0.030530
-0.052778
-0.166583
-0.038060
-0.185972
-0.140974
-0.290172
-0.318015
-0.302014
-0.347705
-0.274542
-0.409965
-0.403984
-0.465116
-0.358414
-0.408811
-0.357816
-0.438399
-0.488983
-0.409858
-0.440724
-0.372610
-0.544286
-0.442396
-0.378479
-0.386735
-0.270460
-0.408490
-0.261567
-0.230052
-0.176712
-0.232390
-0.089536
-0.133435
-0.080657
-0.117837
0.022095
-0.107603
-0.114473
-0.161639
-0.003282
0.003537
-0.062809
-0.013752
0.033068
-0.070288
-0.078485
-0.209871
-0.119538
-0.047240
-0.035373
-0.072123
-0.148604
-0.207627
-0.171568
-0.163933
-0.176796
-0.120768
-0.234414
-0.227648
-0.250455
-0.271228
-0.147917
-0.226883
-0.238924
-0.200943
-0.184343
-0.099993
-0.116209
-0.027860
-0.081602
-0.018007
0.022554
-0.028677
0.059639
0.178171
0.157085
0.211575
0.205032
0.324687
0.405110
0.317262
0.359688
0.407136
0.406575
0.483884
0.558737
0.406326
0.625094
0.603812
0.658305
0.589906
0.672891
0.578599
0.756245
0.793204
0.591366
0.646852
0.554194
0.538725
0.695264
0.554309
0.606966
0.579150
0.512910
0.605840
0.583581
0.473797
0.557084
0.519833
0.638231
0.449086
0.575033
0.455582
0.414488
0.494973
0.534995
0.478336
0.494079
0.572635
0.588791
0.538476
0.542728
0.617246
0.585986
0.692879
0.688408
0.699278
0.753732
0.699902
0.820772
0.700756
0.690540
0.814797
0.829314
0.824726
0.860493
0.886349
0.845733
0.930292
0.918945
0.857839
0.889325
0.861381
0.888879
0.764123
0.848359
0.807053
0.730352
0.696995
0.801092
0.639571
0.685007
0.614308
0.570580
0.557460
0.500267
0.435154
0.393105
0.350271
0.294709
0.301434
0.324104
0.177379
0.284333
0.336365
0.213546
0.142007
0.265022
0.279913
0.235957
0.175448
0.236716
0.280559
0.110681
0.269738
0.273693
0.233486
0.166938
0.290981
0.309186
0.202428
0.274199
0.240912
0.217926
0.377272
0.268530
0.399454
0.348885
0.219659
0.333005
0.162233
0.190389
0.189847
0.159023
0.169754
0.096415
0.046665
0.086590
0.065341
0.027271
0.007575
0.003090
-0.154473
-0.162389
-0.092861
-0.201414
-0.249490
-0.332658
-0.409826
-0.284996
-0.308351
-0.312903
-0.375922
-0.417315
-0.430366
-0.340418
-0.464045
-0.365066
-0.403876
-0.362518
-0.454329
-0.448442
-0.391655
-0.387479
-0.326168
-0.264491
-0.211008
-0.333005
-0.292899
-0.328521
-0.195862
-0.186999
-0.145374
-0.096454
-0.033928
-0.057711
-0.069914
-0.088659
-0.087085
-0.000575
-0.045235
-0.055026
-0.036979
-0.033909
-0.016891
-0.022007
-0.020295
-0.009448
-0.086937
-0.114873
-0.122934
-0.077264
-0.139729
-0.122948
-0.132851
-0.091137
-0.260290
-0.095238
-0.200554
-0.065160
-0.208743
-0.212296
-0.194154
-0.093594
-0.178186
-0.186652
-0.188085
-0.036603
-0.077456
-0.025600
-0.161577
-0.030746
0.042767
0.066143
0.103144
0.167331
0.175977
0.264901
0.341212
0.352023
0.405220
0.287154
0.463167
0.526256
0.544248
0.616204
0.555740
0.652536
0.557768
0.613852
0.661263
0.610254
0.654014
0.713180
0.731711
0.680587
0.737046
0.620863
0.650883
0.732724
0.651030
0.656325
0.602360
0.608563
0.616733
0.602054
0.605160
0.508252
0.472153
0.474339
-0.664492
-0.740185
-0.618874
-0.570492
-0.697508
-0.651515
-0.648127
-0.633272
-0.682618
-0.529836
-0.610106
-0.548062
-0.523278
-0.532179
-0.448612
-0.501605
-0.444969
-0.431827
-0.378771
-0.288608
-0.399484
-0.348845
-0.349492
-0.307846
-0.318404
-0.239057
-0.185761
-0.347303
-0.178461
-0.216967
-0.259746
-0.342960
-0.325386
-0.358393
-0.306431
-0.354940
-0.375745
-0.350301
-0.532446
-0.473947
-0.560759
-0.621682
-0.623105
-0.586907
-0.637321
-0.646295
-0.696998
-0.764130
-0.835319
-0.830098
-0.848433
-0.851102
-0.869454
-0.912993
-0.897889
-0.984674
-0.839600
-0.915686
-0.993554
0.187020
0.265031
0.257223
0.271351
0.236886
0.181669
0.169580
0.257820
0.329540
0.217662
0.254905
0.226341
0.318579
0.238128
-0.826553
-0.901470
-0.846497
-0.794080
-0.803785
-0.805985
-0.851278
-0.824246
-0.826907
-0.853001
-0.895261
-0.927024
-0.871164
-0.892755
-0.931198
-1.067961
-1.128636
-1.073902
-1.091693
-1.115007
-1.159176
-1.320962
-1.356319
-1.350886
-1.245366
-1.361930
-1.412017
-1.434275
-1.452521
-1.420753
-1.565700
-1.458056
-1.513934
-1.436343
-1.556678
-1.544554
-1.441710
-1.451468
-1.455640
-1.352939
-1.352249
-1.352361
-1.479491
-1.422796
-1.212837
-1.300285
-1.279800
-1.286849
-1.203569
-1.176892
-1.122625
-1.247154
-1.129331
-1.087614
-1.110978
-1.117589
-1.145033
0.005464
0.007788
0.067818
-0.004727
0.060893
0.029775
-0.021143
0.052791
-0.005685
0.000000
0.798033
-0.111857
-0.782354
0.221517
0.751305
-0.326824
-0.705496
0.425710
0.645826
-0.516233
-0.573467
0.596614
0.489842
-0.665273
-0.396594
0.720862
0.295553
-0.762289
-0.188706
0.788739
0.078152
-0.799693
0.033938
0.794936
-0.145361
-0.774561
0.253928
0.738969
-0.357506
-0.688859
0.454061
0.625215
-0.541695
-0.549288
0.618686
0.462569
-0.683523
-0.366763
0.734930
0.263750
-0.771899
-0.155556
0.793703
0.044306
-0.799913
0.067814
0.790408
-0.178603
-0.765374
0.285882
0.725303
-0.387545
-0.670982
0.481594
0.603479
-0.566181
-0.524120
0.639645
0.434464
-0.700542
-0.336272
0.747676
0.231473
-0.780120
-0.122127
0.797238
0.010381
-0.798693
0.101569
0.784457
-0.211523
-0.754808
0.317321
0.710331
-0.416886
-0.651898
0.508259
0.580657
0.841562
0.800098
0.885380
0.887553
0.959750
0.928356
0.944980
0.891470
0.960601
0.927267
0.924825
0.932117
0.912258
0.912294
0.824559
0.934033
0.807032
0.822159
0.857028
0.773977
0.686104
0.770825
0.725180
0.758169
0.562933
0.621155
0.490676
0.482230
0.389102
0.531852
0.360706
0.457649
0.360000
0.302588
0.350878
0.310904
0.308536
0.208963
0.203736
0.243238
0.225098
0.218734
0.173964
0.267688
0.303945
0.231196
0.171601
0.277684
0.286425
0.226648
0.258672
0.256234
0.351952
0.414168
0.375476
0.354531
0.257169
0.318630
0.305609
0.334654
0.303360
0.290066
0.296709
0.253992
0.220839
0.248999
0.170926
0.109360
0.071952
0.110947
0.153856
0.090834
-0.036988
-0.024801
-0.131566
-0.045004
-0.192440
-0.235202
-0.253335
-0.298553
-0.234087
-0.218164
-0.290170
-0.387748
-0.390796
-0.347488
-0.375022
-0.438575
-0.403568
-0.389596
-0.343354
-0.386302
-0.372742
-0.356192
-0.314576
-0.269575
-0.331726
-0.305719
-0.265291
-0.207854
-0.167380
-0.091886
-0.086539
-0.138443
-0.134778
-0.131972
-0.026567
0.020512
-0.047952
0.054293
-0.012956
0.010731
0.059700
-0.063813
0.007596
0.024352
-0.026993
0.057615
0.012273
0.000001
0.000669
0.028721
-0.131609
-0.020782
-0.122138
-0.124500
-0.077669
-0.007387
-0.145296
-0.203938
-0.136102
-0.054086
-0.177777
-0.142072
-0.098078
-0.083661
-0.104515
-0.177640
-0.087263
-0.023630
-0.058333
0.023428
0.033193
0.024858
0.037485
0.118689
0.184741
0.097266
0.276956
0.265203
0.300624
0.433118
0.496561
0.461738
0.450093
0.408540
0.434945
0.557391
0.569695
0.655456
0.661612
0.648511
0.603557
0.598482
0.710776
0.655879
0.625875
0.668795
0.749478
0.707863
0.766147
0.558324
0.674557
0.669488
0.629447
0.675942
0.603040
0.650098
0.511535
0.596086
0.501282
0.591251
0.493319
0.509022
0.544912
0.627481
0.500552
0.557782
0.593719
0.600775
0.690555
0.647157
0.552240
0.630883
0.659731
0.704434
0.751770
0.787677
0.748889
0.747387
0.890724
0.834243
0.904694
0.860497
0.800577
0.918069
0.886844
0.830117
0.938464
0.913359
0.936379
1.010147
0.920645
0.971066
0.786600
0.953611
0.859936
0.855443
0.845897
0.903598
0.851289
0.752077
0.623536
0.581723
0.619599
0.642178
0.605234
0.552701
0.466969
0.508942
0.432849
0.378199
0.373012
0.312639
0.231494
0.335467
0.293486
0.305418
0.248956
0.287489
0.254463
0.236245
0.278679
0.277960
0.264867
0.169246
0.285205
0.183145
0.307381
0.301350
0.274134
0.329660
0.392607
0.380836
0.415134
0.345104
0.395517
0.334947
0.267982
0.296548
0.432486
0.283404
0.248935
0.236409
0.189582
0.209744
0.159430
0.153283
0.166985
0.094688
0.094796
-0.053784
-0.014100
-0.014020
-0.117461
-0.183835
-0.214481
-0.127330
-0.153664
-0.318170
-0.298906
-0.214881
-0.271298
-0.389166
-0.305143
-0.297158
-0.416412
-0.352186
-0.454925
-0.324015
-0.349480
-0.317046
-0.301599
-0.390464
-0.376729
-0.308861
-0.239615
-0.201642
-0.206450
-0.254225
-0.158386
-0.069636
-0.168473
-0.059827
-0.087913
-0.074607
-0.030773
0.018404
-0.040434
-0.034531
0.038661
0.006524
0.034896
0.058282
0.047067
-0.013177
-0.001976
0.060604
0.026593
0.001184
-0.012232
0.054081
-0.042301
-0.071927
-0.186810
-0.079263
-0.041426
-0.188577
-0.107766
-0.106993
-0.194517
-0.165859
-0.086148
-0.067882
-0.073881
-0.142686
-0.131571
-0.179359
-0.139099
-0.016211
-0.056485
0.011982
0.056397
0.091538
0.101751
0.135237
0.142123
0.257921
0.269931
0.256606
0.310743
0.421563
0.497377
0.421972
0.516260
0.528156
0.523632
0.571770
0.543553
0.599287
0.665141
0.726028
0.657213
0.678260
0.685046
0.687013
0.722060
0.651522
0.705960
0.714181
0.755335
0.686628
0.668835
0.670061
0.676117
0.592078
0.619085
0.648352
0.558677
0.523939
0.666302
0.499568
0.556359
0.592129
0.546527
0.526498
0.536737
0.512158
0.561257
0.602603
0.492356
0.634934
0.608583
0.613827
0.642304
0.669868
0.748303
0.716437
0.857334
0.823281
0.863291
0.882211
0.932949
0.793467
0.831386
0.917430
0.985100
0.961944
0.936858
0.976067
0.977865
0.927516
1.005983
0.919878
0.917703
0.972306
1.019349
0.930038
0.815438
0.854179
0.823101
0.737704
0.715331
0.697128
0.632165
0.579817
0.482891
0.634702
0.476099
0.423651
0.472842
0.462879
0.373623
0.340612
0.359706
0.342174
0.313862
0.358182
0.285636
0.232316
0.242983
0.270908
0.182438
0.305231
0.000000
0.000000
0.000000
0.000000
0.000000
0.000000
0.000000
0.000000
0.000000
0.000000
0.000000
0.000000
0.000000
0.000000
0.000000
0.000000
0.000000
0.000000
0.000000
0.000000
0.000000
0.000000
0.000000
0.000000
0.000000
0.000000
0.000000
0.000000
0.000000
0.000000
0.000000
0.000000
0.000000
0.000000
0.000000
0.000000
0.000000
0.000000
0.000000
0.000000
0.000000
0.000000
0.000000
0.000000
0.000000
0.000000
0.000000
0.000000
0.000000
0.000000
1.000000
1.000000
1.000000
1.000000
1.000000
1.000000
1.000000
1.000000
1.000000
1.000000
1.000000
1.000000
1.000000
1.000000
1.000000
1.000000
1.000000
1.000000
1.000000
1.000000
1.000000
1.000000
1.000000
1.000000
1.000000
1.000000
1.000000
1.000000
1.000000
1.000000
1.000000
1.000000
1.000000
1.000000
1.000000
1.000000
1.000000
1.000000
1.000000
1.000000
1.000000
1.000000
1.000000
1.000000
1.000000
1.000000
1.000000
1.000000
1.000000
1.000000
