-0.037531
0.106655
0.143570
0.040627
0.085869
0.110344
0.323927
0.268007
0.291112
0.348817
0.297197
0.357522
0.325274
0.429293
0.362670
0.436220
0.475908
0.418629
0.464464
0.358690
0.353218
0.415156
0.383114
0.311307
0.344744
0.415259
0.305810
0.328323
0.293887
0.310260
0.306357
0.308196
0.296152
0.304902
0.280698
0.267338
0.232580
0.107981
0.247983
0.236736
0.252745
0.214964
0.355684
0.243440
0.378006
0.367432
0.424288
0.470711
0.552812
0.546445
0.556165
0.600386
0.554557
0.579351
0.571889
0.629993
0.687325
0.644783
0.656869
0.633003
0.749356
0.671775
0.696575
0.652635
0.676172
0.548965
0.630035
0.572717
0.646075
0.593706
0.512586
0.459825
0.416374
0.457601
0.359699
0.443494
0.269538
0.252842
0.199588
0.142270
0.201039
0.108851
0.176999
0.092613
-0.029500
-0.000964
0.019136
0.066148
-0.036527
-0.038129
-0.107666
0.025350
-0.151451
-0.027963
-0.039896
-0.019134
0.002459
0.031064
-0.011655
-0.090622
0.083931
-0.016373
0.068909
0.017315
0.076780
0.042854
0.027524
0.094630
-0.075276
0.029148
0.041766
0.050081
-0.008702
-0.090642
0.004777
-0.091166
-0.023740
-0.062161
-0.110112
-0.062574
-0.112165
-0.256510
-0.329750
-0.206303
-0.197139
-0.384620
-0.369222
-0.467080
-0.486483
-0.338040
-0.494358
-0.539983
-0.562351
-0.654859
-0.593350
-0.535390
-0.567605
-0.676025
-0.701098
-0.625345
-0.655865
-0.658829
-0.682853
-0.592968
-0.616821
-0.605024
-0.582588
-0.542656
-0.590512
-0.569175
-0.619016
-0.449687
-0.344818
-0.363445
-0.391930
-0.424138
-0.363924
-0.357204
-0.289215
-0.303674
-0.254597
-0.285806
-0.324346
-0.164946
-0.314377
-0.308455
-0.285251
-0.280364
-0.219420
-0.247655
-0.300611
-0.263864
-0.190296
-0.295792
-0.317425
-0.306914
-0.401149
-0.229169
-0.304980
-0.419793
-0.371843
-0.511180
-0.393926
-0.411442
-0.390800
-0.437833
-0.343003
-0.433275
-0.311704
-0.374369
-0.425248
-0.333119
-0.191503
-0.332554
-0.271989
-0.167184
-0.196426
-0.130748
-0.108845
0.003800
-0.000059
0.113631
0.012288
0.205247
0.210643
0.217667
0.263043
0.251154
0.257976
0.419400
0.351169
0.319860
0.418404
0.422488
0.462873
0.406393
0.389611
0.381160
0.381221
0.465031
0.448110
0.458924
0.428616
0.367351
0.498207
0.358354
0.265624
0.380840
0.306616
0.298715
0.289633
0.308108
0.223581
0.254471
0.272183
0.335284
0.228027
0.244504
0.339170
0.319063
0.308873
0.277402
0.383091
0.347412
0.373587
0.396012
0.420126
0.481717
0.449884
0.374093
0.498061
0.537780
0.570192
0.551690
0.540922
0.653559
0.681575
0.574440
0.654056
0.637965
0.696698
0.664263
0.605201
0.732598
0.686890
0.630593
0.584276
0.556668
0.580414
0.471405
0.624840
0.473177
0.472992
0.421150
0.417400
0.416537
0.202067
0.333579
0.256589
0.282204
0.214454
0.084434
0.070535
0.163929
0.119197
0.041251
0.067833
-0.013200
0.052348
-0.022472
-0.056148
-0.014385
-0.037939
-0.001108
-0.046202
-0.025290
0.110742
0.039810
-0.013830
0.018687
-0.037295
0.103290
0.029518
0.098910
0.102470
0.101657
0.105391
0.114377
0.164949
0.082982
0.080580
-0.051255
0.005705
-0.038967
0.019354
0.019585
-0.011236
-0.132889
-0.031421
-0.092565
-0.155876
-0.246266
-0.217613
-0.235782
-0.240453
-0.371848
-0.386819
-0.442271
-0.420339
-0.476936
-0.503633
-0.560377
-0.509773
-0.528975
-0.558702
-0.694360
-0.608919
-0.602263
-0.639854
-0.621633
-0.585382
-0.604047
-0.575597
-0.531544
-0.549379
-0.566551
-0.547539
-0.531858
-0.483075
-0.487887
-0.443772
-0.459943
-0.436842
-0.369094
-0.389506
-0.386455
-0.335451
-0.289731
-0.316222
-0.191766
-0.262860
-0.296779
-0.105014
-0.250664
-0.138208
-0.195914
-0.208963
-0.270800
-0.234848
-0.290243
-0.224247
-0.279601
-0.284380
-0.188293
-0.363503
-0.389798
-0.364445
-0.325348
-0.282083
-0.398282
-0.340006
-0.426499
-0.396642
-0.489424
-0.465897
-0.345255
-0.328932
-0.323024
-0.335246
-0.475264
-0.353918
-0.367272
-0.266190
-0.248168
-0.156596
-0.089432
-0.075875
-0.074576
0.028912
-0.030371
0.077702
0.036966
0.125330
0.199493
0.207071
0.186672
0.267716
0.340087
0.367924
0.479991
0.408312
0.416636
0.332186
0.407450
0.378894
0.528841
0.441401
0.389187
0.455989
0.448340
0.473186
0.454028
0.451350
0.406883
0.412781
0.295174
0.288739
0.340794
0.325703
0.255181
0.374363
0.310556
0.275919
0.306571
0.325876
0.199745
0.325092
0.299720
0.328739
0.338217
0.261051
0.390484
0.392966
0.435360
0.335895
0.434959
0.390027
0.399833
0.544872
0.471985
0.554427
0.547674
0.627236
0.580282
0.644379
0.683810
0.514954
0.664271
0.621100
0.771421
0.736232
0.702380
0.739174
0.708164
0.648011
0.744191
0.741629
0.681659
0.660091
0.583731
0.532599
0.568186
0.458061
0.454183
0.405651
0.336448
0.377761
0.308991
0.270443
0.325633
0.180065
0.123461
0.109026
0.138014
0.157483
0.075593
-0.004419
-0.057217
-0.003170
0.076508
0.014053
-0.053660
0.001047
-0.047071
-0.023269
0.033475
0.043974
0.026359
-0.024370
0.051985
0.028849
0.005926
0.001224
0.043491
0.072420
0.068697
-0.074856
0.059318
0.170876
0.010791
0.121167
0.100095
0.059181
0.114316
-0.022578
-0.003296
-0.029550
-0.015302
-0.034398
0.042187
-0.149775
-0.130138
-0.126473
-0.240038
-0.273867
-0.238754
-0.406879
-0.338690
-0.456780
-0.456382
-0.491815
-0.432989
-0.587196
-0.664716
-0.602518
-0.651188
-0.599433
-0.580146
-0.598792
-0.692374
-0.701838
-0.595150
-0.670377
-0.678522
-0.510048
-0.588550
-0.540636
-0.515354
-0.502900
-0.480976
-0.443388
-0.467943
-0.403157
-0.417791
-0.321988
-0.335366
-0.316252
-0.276011
-0.220143
-0.212205
-0.219074
-0.248865
-0.156004
-0.260811
-0.250339
-0.133870
-0.262765
-0.196374
-0.213420
-0.244834
-0.272115
-0.280384
-0.319969
-0.349402
-0.392755
-0.318167
-0.268814
-0.421679
-0.333626
-0.353347
-0.320409
-0.336763
-0.350458
-0.423713
-0.377027
-0.392000
-0.425528
-0.334752
-0.384838
-0.278001
-0.281339
-0.347122
-0.192694
-0.214362
-0.186707
-0.282054
-0.153289
-0.122106
-0.081879
-0.058253
-0.025894
0.143788
0.088398
0.048811
0.155915
0.195017
0.252146
0.294799
0.338614
0.328646
0.386840
0.555161
0.381215
0.354687
0.497866
0.436876
0.420286
0.399099
0.521024
0.405510
0.547810
0.524944
0.483214
0.400466
0.553238
0.330369
0.379831
0.309904
0.366235
0.354016
0.368229
0.307055
0.342497
0.286372
0.312426
0.256394
0.337186
0.333155
0.281119
0.317522
0.280714
0.423115
0.469588
0.394578
0.478855
0.448987
0.447007
0.418698
0.521729
0.464229
0.540742
0.596788
0.558784
0.560044
0.601498
0.678598
0.663164
0.724225
0.786088
0.666508
0.759723
0.725190
0.684774
0.674168
0.638050
0.678448
0.581971
0.532406
0.572866
0.594193
0.541436
0.494380
0.481314
0.508152
0.379890
0.401029
0.361569
0.262093
0.329444
0.224539
0.326342
0.156592
0.151800
0.236728
0.154681
0.074434
-0.055521
0.105644
-0.035427
0.042907
0.008286
0.012004
-0.010032
-0.024294
-0.020330
0.000657
-0.036406
-0.006664
0.072392
-0.039848
0.098635
0.089849
0.205710
0.110408
0.086067
0.112264
-0.004761
0.123177
0.050753
0.164756
0.068099
0.084478
0.011104
0.026542
0.013800
0.038125
0.037195
-0.064138
-0.148708
-0.176088
-0.083173
-0.132166
-0.188462
-0.235455
-0.265916
-0.315492
-0.289847
-0.378106
-0.457720
-0.474869
-0.563744
-0.465536
-0.564037
-0.566521
-0.625474
-0.617775
-0.567000
-0.607000
-0.605843
-0.560508
-0.598446
-0.646466
-0.572948
-0.650617
-0.535984
-0.555408
-0.520587
-0.513917
-0.513297
-0.547983
-0.374105
-0.459946
-0.445422
-0.364706
-0.343755
-0.353200
-0.337510
-0.256539
-0.191578
-0.255582
-0.242612
-0.181783
-0.245535
-0.279784
-0.271665
-0.229488
-0.224625
-0.311119
-0.211736
-0.218225
-0.288379
-0.245839
-0.125512
-0.298052
-0.364310
-0.351726
-0.362237
-0.372710
-0.376411
-0.364415
-0.417688
-0.354735
-0.379811
-0.364840
-0.467174
-0.309637
-0.259536
-0.346817
-0.344479
-0.325478
-0.221560
-0.364952
-0.173883
-0.270025
-0.095792
-0.119800
-0.106124
-0.122530
-0.139693
-0.087353
0.016047
0.150350
0.094566
0.068482
0.194572
0.211188
0.281055
0.273316
0.279476
0.339287
0.354769
0.480615
0.447646
0.482153
0.428180
0.459543
0.422092
0.498630
0.428578
0.461817
0.424011
0.472101
0.494806
0.417601
0.461261
0.418782
0.415825
0.413098
0.364786
0.343778
0.254858
0.281648
0.321936
0.416734
0.332698
0.267738
0.331552
0.384355
0.280523
0.359619
0.368302
0.312392
0.342450
0.317045
0.435396
0.483239
0.432182
0.514411
0.505370
0.527616
0.532157
0.564342
0.584854
0.644522
0.671873
0.674274
0.734739
0.655435
0.712106
0.683673
0.746922
0.762595
0.642011
0.746119
0.758143
0.700467
0.570051
0.757258
0.596036
0.597496
0.661091
0.519789
0.499695
0.542796
0.461650
0.434354
0.364173
0.330515
0.326589
0.184137
0.168166
0.169783
0.121519
0.198685
0.098653
0.083834
0.011485
0.084714
0.021700
-0.003022
-0.007590
-0.023394
-0.044206
0.004168
0.044331
0.080688
-0.071898
0.010241
0.150819
0.056337
0.004135
0.067941
0.040784
0.120817
0.121002
0.084922
0.139277
0.131411
0.147171
0.124921
0.095352
0.051311
0.175636
0.068019
0.016589
-0.004455
0.108869
0.019022
-0.128122
-0.040796
-0.133663
-0.158905
-0.224849
-0.194779
-0.163466
-0.375929
-0.370335
-0.409770
-0.438419
-0.503931
-0.509698
-0.515130
-0.457058
-0.652158
-0.571857
-0.537060
-0.625867
-0.527509
-0.551860
-0.591470
-0.521997
-0.568932
-0.534770
-0.655754
-0.545844
-0.585197
-0.608126
-0.524708
-0.466993
-0.494519
-0.414091
-0.351344
-0.410149
-0.380196
-0.332683
-0.311458
-0.236270
-0.398153
-0.232171
-0.268443
-0.271900
-0.103578
-0.201906
-0.219397
-0.099771
-0.169432
-0.213188
-0.170467
-0.190064
-0.280328
-0.264625
-0.266381
-0.274259
-0.245103
-0.316772
-0.339818
-0.286663
-0.309865
-0.407614
-0.371470
-0.338734
-0.264706
-0.359936
-0.348057
-0.363099
-0.357555
-0.440410
-0.266397
-0.303527
-0.257645
-0.351142
-0.298560
-0.219215
-0.231379
-0.199656
-0.036775
-0.137771
-0.062255
-0.030893
-0.054845
0.050906
0.191516
0.114764
0.233766
0.217838
0.270862
0.271476
0.343508
0.343399
0.463493
0.360594
0.411917
0.347646
0.523907
0.502389
0.511483
0.458127
0.513996
0.538676
0.451475
0.563104
0.447200
0.413117
0.504347
0.425463
0.411760
0.438692
0.427988
0.329723
0.368973
0.372323
0.361809
0.415520
0.298925
0.287022
0.252367
0.362331
0.274086
0.306695
0.273781
0.280585
0.363030
0.418648
0.325690
0.433781
0.438393
0.417019
0.459597
0.503812
0.498877
0.468767
0.639379
0.678132
0.610128
0.690824
0.718036
0.700551
0.639054
0.704193
0.693716
0.725727
0.684510
0.799014
0.691482
0.699370
0.655285
0.624786
0.686798
0.626530
0.696164
0.453655
0.638639
0.459960
0.483492
0.386201
0.450731
0.368619
0.326383
0.269567
0.297098
0.297252
0.182385
0.241798
0.171885
0.113237
0.068067
-0.042477
0.097680
0.025439
0.077234
-0.000297
0.068018
0.092547
0.001971
-0.030917
-0.060745
0.127239
0.041499
0.056586
0.084391
0.016991
0.015219
0.146369
0.061069
0.131016
0.144855
0.111933
0.110140
0.247533
0.190142
0.080459
0.091760
0.142987
0.170848
0.125950
0.006804
-0.019306
-0.016507
0.010732
-0.055932
-0.056562
-0.148594
-0.129366
-0.205957
-0.318694
-0.299766
-0.375511
-0.278065
-0.396480
-0.423603
-0.425671
-0.492922
-0.483737
-0.459903
-0.593561
-0.565317
-0.547349
-0.670110
-0.501681
-0.610515
-0.640231
-0.592121
-0.560097
-0.553348
-0.520497
-0.561191
-0.475974
-0.457536
-0.501041
-0.398216
-0.424316
-0.333336
-0.443551
-0.293197
-0.280548
-0.263086
-0.216390
-0.229598
-0.143251
-0.247079
-0.214893
-0.234447
-0.194419
-0.176497
-0.205107
-0.116577
-0.227560
-0.230387
-0.128585
-0.215725
-0.181935
-0.224213
-0.167151
-0.225118
-0.316372
-0.374552
-0.309014
-0.330614
-0.337551
-0.443814
-0.221656
-0.271500
-0.312428
-0.331656
-0.339162
-0.326740
-0.394748
-0.444117
-0.292583
-0.257759
-0.266932
-0.195990
-0.188222
-0.205424
-0.228516
-0.182678
-0.119188
-0.049146
0.004795
0.002876
0.138803
0.205682
0.152353
0.202857
0.178816
0.341171
0.398381
0.346472
0.295676
0.409748
0.424769
0.461025
0.469817
0.433275
0.461828
0.464115
0.453031
0.486704
0.530189
0.431018
0.487513
0.493932
0.447840
0.429702
0.497763
0.448914
0.373864
0.409907
0.409086
0.368687
0.406356
0.379055
0.365270
0.301732
0.415753
0.313790
0.306225
0.395831
0.345771
0.281643
0.400880
0.333673
0.352415
0.417411
0.438233
0.480277
0.445089
0.482665
0.534994
0.589839
0.574732
0.667065
0.604868
0.685132
0.686357
0.706612
0.746475
0.782028
0.766428
0.713012
0.703613
0.660563
0.750573
0.683662
0.686513
0.791402
0.674283
0.608434
0.681324
0.646197
0.593873
0.532706
0.518007
0.480715
0.466632
0.415421
0.379642
0.403011
0.322193
0.261197
0.245916
0.204270
0.086982
0.154774
0.196849
0.100417
0.037210
0.066811
0.045768
0.103945
0.024469
0.012537
0.076150
-0.003573
-0.008013
0.018230
0.082215
0.039162
0.063324
0.067452
0.061444
0.084275
0.141100
0.132005
0.051017
0.152400
0.177533
0.097594
0.151570
0.005642
0.122882
0.071653
0.093182
0.116953
0.029034
0.018639
0.041426
0.027876
0.025087
0.056781
-0.183705
-0.046355
-0.097742
-0.193367
-0.267407
-0.218339
-0.247302
-0.352203
-0.215637
-0.454543
-0.496855
-0.558848
-0.516877
-0.506426
-0.428907
-0.561794
-0.577036
-0.615576
-0.629170
-0.547937
-0.610701
-0.577261
-0.555260
-0.530199
-0.533013
-0.544442
-0.457514
-0.456515
-0.374899
-0.512030
-0.515398
-0.375279
-0.403555
-0.395670
-0.372743
-0.347631
-0.266606
-0.199922
-0.169624
-0.257186
-0.181086
-0.190770
-0.238270
-0.187593
-0.100187
-0.180414
-0.183134
-0.068907
-0.105450
-0.116903
-0.193259
-0.168608
-0.189038
-0.199467
-0.202278
-0.259393
-0.359800
-0.225441
-0.216172
-0.297275
-0.197011
-0.288639
-0.359375
-0.387905
-0.296178
-0.335745
-0.277694
-0.265184
-0.271492
-0.238990
-0.187753
-0.258306
-0.225642
-0.213568
-0.098546
-0.214048
-0.071698
0.003456
-0.033143
0.053753
-0.016714
0.086715
0.181364
0.291459
0.193416
0.267236
0.285440
0.313902
0.368264
0.407775
0.426086
0.419103
0.475569
0.438740
0.545375
0.536859
0.535680
0.516608
0.532204
0.615923
0.403205
0.457782
0.501105
0.497041
0.485190
0.474018
0.458658
0.362134
0.301503
0.420869
0.453935
0.341967
0.352257
0.336310
0.294925
0.270626
0.335627
0.383478
0.338968
0.422566
0.356047
0.445930
0.400598
0.455355
0.403724
0.349151
0.551210
0.501214
0.631858
0.629571
0.515792
0.714142
0.587992
0.733221
0.718724
0.707192
0.759021
0.697369
0.774469
0.704375
0.808444
0.775524
0.791805
0.660926
0.682652
0.708976
0.682065
0.599286
0.670834
0.594127
0.634961
0.588328
0.671604
0.530833
0.416791
0.512038
0.462173
0.302021
0.395559
0.325254
0.245035
0.275474
0.208133
0.172574
0.244980
0.182680
0.062617
0.133336
0.100592
0.180273
0.000416
0.066847
0.036872
0.055423
0.088264
0.042120
0.087750
0.025977
0.032692
0.167267
0.072462
0.122437
0.174390
0.167515
0.129752
0.186372
0.246825
0.080586
0.116047
0.144677
0.080935
0.123493
0.120088
0.177995
0.049855
0.070767
0.088522
-0.029014
-0.019547
0.041043
-0.192163
-0.095183
-0.179558
-0.157567
-0.278293
-0.254933
-0.294235
-0.317961
-0.335481
-0.350764
-0.397650
-0.431799
-0.410197
-0.529813
-0.466847
-0.525505
-0.520229
-0.588948
-0.627753
-0.595030
-0.535963
-0.582444
-0.618613
-0.417892
-0.518895
-0.603924
-0.447685
-0.399120
-0.467489
-0.483184
-0.346234
-0.335053
-0.311884
-0.425609
-0.244043
-0.178724
-0.321335
-0.230563
-0.189767
-0.185479
-0.215161
-0.162453
-0.097654
-0.156937
-0.191147
-0.163946
-0.157302
-0.148943
-0.164093
-0.076637
-0.117584
-0.283107
-0.215510
-0.254526
-0.244944
-0.224144
-0.281685
-0.266762
-0.314786
-0.206006
-0.342316
-0.299793
-0.268554
-0.290490
-0.395088
-0.328363
-0.274303
-0.361517
-0.318983
-0.248712
-0.215772
-0.296181
-0.247364
-0.157792
-0.181842
-0.000770
-0.011610
0.029695
0.011904
0.028969
-0.015611
0.155379
0.167143
0.169780
0.275598
0.272606
0.304336
0.354962
0.418993
0.408908
0.379789
0.398803
0.544536
0.514148
0.596679
0.502363
0.529902
0.517067
0.479095
0.442539
0.594465
0.463888
0.427982
0.503318
0.481886
0.526180
0.460977
0.381494
0.331340
0.379120
0.467650
0.255278
0.322026
0.323262
0.343317
0.331453
0.465560
0.353785
0.323735
0.391122
0.373103
0.368874
0.339579
0.437446
0.437462
0.489191
0.621346
0.476546
0.473097
0.521962
0.562861
0.608575
0.684064
0.671424
0.593248
0.729417
0.734383
0.740737
0.796695
0.727344
0.740256
0.714808
0.827169
0.739301
0.756286
0.740624
0.816545
0.717028
0.702900
0.660937
0.642419
0.616024
0.598986
0.614302
0.477748
0.408362
0.448037
0.454018
0.470221
0.230890
0.225715
0.231624
0.190744
0.217522
0.199963
0.151834
0.142520
0.066166
0.007673
0.091406
0.034669
0.146165
0.093465
0.078775
0.031818
0.104486
0.061675
0.090373
-0.026738
0.110868
0.182213
0.120895
0.126894
0.186292
0.172416
0.140947
0.188644
0.131843
0.189728
0.199246
0.112765
0.108115
0.138266
0.119406
0.150763
0.009779
-0.073333
0.057173
-0.150233
-0.028000
-0.110780
-0.153235
-0.103310
-0.184513
-0.249403
-0.267879
-0.267429
-0.405576
-0.291138
-0.301836
-0.376289
-0.414168
-0.401916
-0.493023
-0.514076
-0.420392
-0.513881
-0.509294
-0.564746
-0.500250
-0.531130
-0.495783
-0.552096
-0.530434
-0.485242
-0.515215
-0.356788
-0.461018
-0.412326
-0.365249
-0.462904
-0.407832
-0.284192
-0.341936
-0.367675
-0.244492
-0.180874
-0.183904
-0.244875
-0.175566
-0.153008
-0.125195
-0.217075
-0.124868
-0.112420
-0.189770
-0.141312
-0.196164
-0.071544
-0.202227
-0.125249
-0.094634
-0.113887
-0.218843
-0.217604
-0.254074
-0.286938
-0.219975
-0.258112
-0.286470
-0.266164
-0.268378
-0.327274
-0.240091
-0.259783
-0.273357
-0.269572
-0.261403
-0.246728
-0.248537
-0.218317
-0.296239
-0.222596
-0.168207
-0.100136
-0.107589
-0.057393
-0.062186
-0.037873
0.127590
0.137905
0.242621
0.219115
0.251179
0.261232
0.221384
0.396546
0.381350
0.421701
0.459697
0.365538
0.523365
0.526335
0.498678
0.437875
0.601692
0.469395
0.608533
0.422946
0.602254
0.547292
0.534402
0.575766
0.448317
0.450703
0.481160
0.446876
0.446614
0.414800
0.448466
0.308638
0.301115
0.376779
0.432827
0.331325
0.373354
0.363603
0.452651
0.355874
0.449136
0.352340
0.375387
0.477358
0.427809
0.530462
0.459937
0.554578
0.602279
0.548729
0.467105
0.524115
0.713926
0.666702
0.735307
0.651339
0.759533
0.800264
0.725819
0.752673
0.761414
0.753646
0.799106
0.737691
0.859402
0.748561
0.814160
0.682005
0.696054
0.626473
0.669772
0.606404
0.557359
0.537201
0.539762
0.497785
0.475292
0.331730
0.468104
0.396402
0.286186
0.345849
0.399189
0.252254
0.229431
0.146713
0.185575
0.100870
0.069513
0.131109
0.082519
-0.046588
0.069431
-0.018100
0.046962
0.059155
0.112731
0.005363
0.071273
0.150050
0.040701
0.101559
0.208993
0.076996
0.223316
0.071812
0.177437
0.190555
0.056239
0.108330
0.136306
0.159164
0.187383
0.093731
0.080332
0.190292
0.034128
0.085653
0.039125
-0.031380
-0.023988
-0.026634
-0.041723
-0.091648
-0.192686
-0.311373
-0.317442
-0.233921
-0.373275
-0.290320
-0.386086
-0.334473
-0.415428
-0.377119
-0.447579
-0.496602
-0.560570
-0.469319
-0.530428
-0.548920
-0.511626
-0.651535
-0.469662
-0.489187
-0.545990
-0.541028
-0.471851
-0.444152
-0.459997
-0.425574
-0.377809
-0.373945
-0.345763
-0.311937
-0.225019
-0.212969
-0.328428
-0.333635
-0.158135
-0.073651
-0.228962
-0.177027
-0.169564
-0.126735
-0.078219
-0.161579
-0.102989
-0.162307
-0.072721
-0.146537
-0.146856
-0.120826
-0.176450
-0.130724
-0.199896
-0.180308
-0.136562
-0.228590
-0.210505
-0.232944
-0.452704
-0.241896
-0.299073
-0.271290
-0.435953
-0.313531
-0.128455
-0.234309
-0.244522
-0.305832
-0.255766
-0.267556
-0.128485
-0.161721
-0.202106
0.034857
-0.060406
-0.060743
0.034896
0.029157
0.040438
0.137403
0.202472
0.298166
0.159451
0.304574
0.322008
0.348659
0.217259
0.401668
0.426799
0.587512
0.546533
0.505325
0.555788
0.570850
0.469697
0.451465
0.576097
0.538436
0.587582
0.520475
0.583175
0.466623
0.615788
0.492678
0.537461
0.507335
0.457612
0.399433
0.305986
0.401251
0.365735
0.365964
0.417216
0.334056
0.377608
0.404365
0.392566
0.368837
0.453581
0.389480
0.441442
0.455903
0.489618
0.487515
0.508165
0.464986
0.542169
0.682310
0.608412
0.595904
0.681781
0.697951
0.721897
0.800087
0.707135
0.753306
0.766690
0.778012
0.813592
0.707766
0.767078
0.852776
0.769812
0.742270
0.749960
0.777631
0.691695
0.654612
0.671548
0.586015
0.701655
0.565416
0.609201
0.553647
0.428515
0.462843
0.332759
0.431596
0.360949
0.292220
0.222384
0.327821
0.139384
0.164607
0.188474
0.177025
0.090519
0.170336
0.129110
0.101722
0.122460
0.112990
0.007519
0.096678
0.065023
0.034864
0.092766
0.089833
0.153314
0.140922
0.052871
0.126484
0.090685
0.177250
0.221078
0.195709
0.138596
0.214920
0.136044
0.133749
0.101616
0.142195
0.119811
0.102724
0.171604
0.123165
0.013191
0.103757
0.034236
-0.091319
-0.091986
-0.103808
-0.134053
-0.186770
-0.271327
-0.273351
-0.333372
-0.295280
-0.297447
-0.425122
-0.399742
-0.412969
-0.477436
-0.402672
-0.477108
-0.403829
-0.463557
-0.564728
-0.573216
-0.537656
-0.585669
-0.449610
-0.485268
-0.567036
-0.534078
-0.460722
-0.360470
-0.356165
-0.292500
-0.445192
-0.363035
-0.327818
-0.282177
-0.297472
-0.215264
-0.200801
-0.088327
-0.118106
-0.108460
-0.108032
-0.220154
-0.174870
-0.147442
-0.049090
-0.125846
-0.040853
-0.073173
-0.054292
-0.087360
-0.124062
-0.201861
-0.138343
-0.197295
-0.217052
-0.242498
-0.200109
-0.252855
-0.190952
-0.216011
-0.249292
-0.215550
-0.286560
-0.260536
-0.274669
-0.286638
-0.218980
-0.288896
-0.229397
-0.218229
-0.164544
-0.117714
-0.069276
-0.163765
-0.124340
-0.114148
-0.017020
0.022390
0.074575
0.056531
0.084800
0.092321
0.167046
0.265767
0.329606
0.529734
0.334191
0.420438
0.510160
0.469862
0.538190
0.477126
0.568149
0.527871
0.493938
0.520671
0.600849
0.630899
0.569342
0.562522
0.537968
0.493016
0.640433
0.518090
0.450626
0.467332
0.534422
0.453855
0.413972
0.380372
0.421098
0.401329
0.486827
0.391213
0.444311
0.478183
0.331033
0.359946
0.439678
0.435982
0.391834
0.447988
0.346870
0.495488
0.529051
0.492010
0.512444
0.554529
0.590862
0.635565
0.608423
0.643586
0.720098
0.731049
0.754889
0.775386
0.772087
0.805128
0.686932
0.817675
0.849695
0.809118
0.825405
0.765582
0.841234
0.685809
0.772237
0.767226
0.683404
0.828388
0.603572
0.560299
0.618856
0.569972
0.424024
0.562281
0.432477
0.490539
0.281857
0.350029
0.377109
0.264782
0.235321
0.202035
0.164088
0.190983
0.201898
0.132199
0.087369
0.107074
-0.001682
0.099703
0.030614
0.130308
0.166678
0.086870
0.094237
0.208889
0.199785
0.168570
0.152103
0.248908
0.214650
0.157460
0.165473
0.144611
0.203203
0.189131
0.260802
0.207812
0.160230
0.238810
0.200885
0.240147
0.158426
0.062425
0.092620
0.160249
0.025918
0.039839
-0.064130
-0.025013
-0.136403
-0.117332
-0.147391
-0.178977
-0.224453
-0.205834
-0.362210
-0.352119
-0.370332
-0.308426
-0.421576
-0.367357
-0.447578
-0.469580
-0.541116
-0.508035
-0.593810
-0.450703
-0.495288
-0.467270
-0.559307
-0.468068
-0.439829
-0.458788
-0.459579
-0.443250
-0.484891
-0.392970
-0.359740
-0.368236
-0.234979
-0.237769
-0.248202
-0.153147
-0.173272
-0.174252
-0.127934
-0.182611
-0.052974
-0.159024
-0.082666
-0.045937
-0.058263
-0.124758
-0.121510
-0.040377
-0.156039
-0.104295
-0.113225
-0.147847
-0.161750
-0.172563
-0.202904
-0.214091
-0.133218
-0.251964
-0.200238
-0.267749
-0.213657
-0.219124
-0.285428
-0.281971
-0.226160
-0.251288
-0.321635
-0.174212
-0.236060
-0.249038
-0.213085
-0.209751
-0.166293
-0.151320
-0.176867
-0.095435
0.059453
-0.046704
0.031049
0.053588
0.100431
0.198187
0.266392
0.339315
0.330486
0.336958
0.358421
0.440626
0.442214
0.463748
0.529419
0.495519
0.528749
0.636606
0.607267
0.616158
0.675219
0.604747
0.517686
0.552395
0.557179
0.510811
0.588130
0.552123
0.553907
0.564263
0.485631
0.503396
0.481151
0.446718
0.415122
0.486472
0.421808
0.418321
0.402396
0.546222
0.371481
0.450779
0.385541
0.434311
0.411115
0.521391
0.391768
0.493721
0.582449
0.594197
0.529523
0.580521
0.589132
0.550845
0.667289
0.678023
0.612392
0.737261
0.684481
0.699907
0.782219
0.866239
0.820968
0.798670
0.801249
0.892922
0.740444
0.742827
0.706400
0.776181
0.826183
0.635782
0.660208
0.629563
0.635650
0.641734
0.631244
0.583419
0.490858
0.525388
0.534328
0.404881
0.427827
0.402294
0.358977
0.338522
0.293491
0.203404
0.241000
0.192421
0.235641
0.183022
0.248174
0.136918
0.167107
0.098419
0.117559
0.078996
0.160438
0.138830
0.235398
0.124292
0.255149
0.151807
0.140001
0.163587
0.130952
0.206925
0.133267
0.270149
0.268619
0.186259
0.276211
0.202408
0.161108
0.275968
0.311080
0.162906
0.117344
0.197390
0.142806
0.136636
0.018714
0.072828
0.010421
-0.009844
-0.129239
-0.139528
-0.090305
-0.137524
-0.191875
-0.213367
-0.339084
-0.309756
-0.408830
-0.503319
-0.365464
-0.423738
-0.484883
-0.438059
-0.441668
-0.482210
-0.441906
-0.389577
-0.483933
-0.582722
-0.538745
-0.553950
-0.600408
-0.393443
-0.366663
-0.359566
-0.341269
-0.392272
-0.431634
-0.348642
-0.347988
-0.263653
-0.239968
-0.203629
-0.121306
-0.202136
-0.152151
-0.136986
-0.131471
-0.033889
-0.096912
-0.109230
-0.145712
-0.123815
-0.153056
-0.079716
-0.210435
-0.194901
-0.154321
-0.098009
-0.086750
-0.124094
-0.158243
-0.163822
-0.178331
-0.179158
-0.149568
-0.121361
-0.188425
-0.247537
-0.635438
-0.375571
-0.639736
-0.205464
-0.044202
-0.498842
0.044170
0.560886
-0.457969
0.178675
-0.173563
-0.054229
-0.089347
0.318179
1.122808
-0.890859
-0.030844
-0.254052
-0.065586
0.350028
0.720717
0.207834
0.336316
0.350572
0.392115
0.381563
0.476721
0.449371
0.612889
0.456879
0.535517
0.659477
0.555179
0.534864
0.675581
0.542312
0.627493
0.571819
0.554327
0.616205
0.496655
0.544561
0.591193
0.561122
0.473574
0.454717
0.519300
0.445392
0.481001
0.485490
0.354158
0.481771
0.419331
0.452680
0.419542
0.431034
0.504534
0.501064
0.491756
0.423170
0.380660
0.517604
0.560297
0.464396
0.486307
0.525300
0.580260
0.606788
0.667562
0.747415
0.772379
0.728686
0.718682
0.740992
0.773627
0.765634
0.811297
0.853503
0.829621
0.854676
0.817190
0.786756
0.836572
0.649554
0.748510
0.759827
0.845670
0.681330
0.652945
0.610611
0.616130
0.604237
0.585938
0.504494
0.503580
0.507413
0.328409
0.405019
0.345876
0.285842
0.266224
0.342101
0.185212
0.218261
0.198506
0.159799
0.216844
0.219842
0.096508
0.100118
0.054386
0.098038
0.084468
0.074552
0.204929
0.114210
0.141072
0.219214
0.190665
0.127277
0.175235
0.223753
0.175605
0.109199
0.136842
0.220072
0.268223
0.159620
0.323518
0.222261
0.153038
0.256994
0.224606
0.124047
0.196220
0.116005
0.053819
-0.011414
0.073470
0.004182
-0.026761
-0.094774
-0.185702
-0.133498
-0.212864
-0.242047
-0.312333
-0.213834
-0.311483
-0.371926
-0.438143
-0.416729
-0.430933
-0.492346
-0.504934
-0.499388
-0.449229
-0.408568
-0.392433
-0.528566
-0.426001
-0.438970
-0.511377
-0.383698
-0.311210
-0.313628
-0.375339
-0.382663
-0.293211
-0.376935
-0.238168
-0.276759
-0.262123
-0.231968
-0.190563
-0.290003
-0.075405
-0.118604
-0.118980
-0.052539
-0.033843
-0.016395
-0.025129
-0.094090
-0.008452
-0.116806
-0.145113
-0.172850
-0.192502
-0.153935
-0.185765
-0.161436
-0.187947
-0.198576
-0.157162
-0.164661
-0.242832
-0.225190
-0.178937
-0.265996
-0.215691
-0.198373
-0.092920
-0.181625
-0.203378
-0.289018
-0.196052
-0.179849
-0.141461
-0.153843
-0.141405
-0.070628
-0.058883
0.012541
0.000854
0.033017
0.128469
0.145447
0.213445
0.190297
0.285328
0.309153
0.386673
0.381456
0.397798
0.470155
0.398438
0.548954
0.517316
0.577565
0.695765
0.601746
0.621518
0.578705
0.629265
0.663683
0.651560
0.563963
0.548044
0.510607
0.643979
0.557737
0.544387
0.504045
0.567995
0.583952
0.499614
0.485787
0.391786
0.475240
0.536742
0.428219
0.465768
0.399951
0.370940
0.514872
0.404400
0.389279
0.433146
0.517061
0.432047
0.459814
0.504742
0.525144
0.608377
0.542594
0.576605
0.606658
0.790600
0.709544
0.640021
0.686979
0.708466
0.806449
0.782206
0.880820
0.752793
0.825959
0.898153
0.924356
0.858175
0.960917
0.881440
0.833826
0.690324
0.816251
0.749660
0.725571
0.730562
0.670601
0.620130
0.637768
0.566446
0.557787
0.418222
0.506384
0.414388
0.441670
0.386162
0.325971
0.328092
0.273503
0.216961
0.232833
0.201838
0.213611
0.124655
0.145181
0.169253
0.093915
0.149069
0.164677
0.179924
0.185521
0.216991
0.168593
0.109260
0.067488
0.151729
0.234572
0.173259
0.149031
0.202695
0.198047
0.288837
0.219592
0.317717
0.175571
0.232992
0.205612
0.161686
0.191648
0.157191
0.122993
0.126135
0.149588
0.104671
0.044319
-0.015678
0.004492
-0.076937
-0.048617
-0.129718
-0.229561
-0.168722
-0.300071
-0.175340
-0.249430
-0.295628
-0.412178
-0.311949
-0.418128
-0.489964
-0.526240
-0.378356
-0.438982
-0.507281
-0.438997
-0.487884
-0.536087
-0.415197
-0.414794
-0.543065
-0.410526
-0.404346
-0.367551
-0.338893
-0.413420
-0.311530
-0.314432
-0.274765
-0.199965
-0.204910
-0.174422
-0.221991
-0.068252
-0.164178
-0.082948
-0.131756
-0.081805
-0.101948
-0.090012
-0.026388
-0.021197
-0.087491
-0.059619
-0.092370
-0.095675
-0.135842
-0.136650
-0.103220
-0.146135
-0.184155
-0.128661
-0.214695
-0.132742
-0.240188
-0.139640
-0.156399
-0.217595
-0.190390
-0.288652
-0.207044
-0.189901
-0.224134
-0.203567
-0.246017
-0.235319
-0.107381
-0.213919
-0.128806
-0.109136
-0.000827
-0.052358
-0.020381
0.103463
0.077139
0.240553
0.157388
0.290431
0.203024
0.297685
0.350575
0.366014
0.497915
0.464203
0.434504
0.525708
0.490854
0.587094
0.500288
0.602703
0.570713
0.599927
0.617610
0.724465
0.551980
0.638347
0.614481
0.586618
0.635848
0.591363
0.583652
0.517261
0.547850
0.525446
0.394802
0.422680
0.516718
0.531532
0.523609
0.454342
0.500429
0.380429
0.359961
0.496002
0.455473
0.536020
0.500762
0.451195
0.477411
0.574741
0.581370
0.555048
0.643576
0.559186
0.716576
0.696367
0.637539
0.720522
0.647315
0.699907
0.671896
0.841014
0.815524
0.820838
0.951516
0.907606
0.902637
0.874316
0.803893
0.884395
0.797320
0.870564
0.867815
0.801380
0.735937
0.785744
0.706011
0.649334
0.721028
0.663796
0.643948
0.514826
0.545791
0.406570
0.490201
0.406364
0.310414
0.401172
0.345635
0.283941
0.197266
0.190041
0.272262
0.155848
0.148443
0.124632
0.252902
0.193985
0.132958
0.118380
0.145338
0.166355
0.203677
0.121650
0.158326
0.196027
0.205767
0.195215
0.211533
0.246923
0.182108
0.236280
0.215374
0.310613
0.270686
0.254682
0.215054
0.080518
0.258795
0.194408
0.154741
0.164381
0.108563
0.106659
0.163884
0.136658
0.014964
0.004005
-0.019111
-0.077839
-0.089909
-0.141288
-0.137536
-0.330293
-0.231187
-0.276340
-0.381318
-0.349879
-0.347726
-0.420325
-0.423988
-0.391619
-0.502218
-0.452075
-0.389489
-0.497357
-0.454549
-0.388972
-0.462106
-0.440212
-0.401513
-0.367862
-0.511903
-0.406588
-0.373280
-0.310880
-0.225141
-0.350818
-0.282983
-0.224038
-0.138687
-0.103882
-0.145922
-0.122322
-0.132055
-0.086872
-0.024070
-0.156577
-0.054818
0.024105
-0.071716
0.063951
-0.048856
-0.063426
-0.081924
-0.076310
-0.133334
-0.112033
-0.152248
-0.189269
-0.161931
-0.174667
-0.208050
-0.142924
-0.261305
-0.173619
-0.241301
-0.220971
-0.201632
-0.245088
-0.230974
-0.249460
-0.228611
-0.176487
-0.218472
-0.214780
-0.123678
-0.150408
-0.171673
-0.078850
-0.085084
0.047513
0.022102
0.124106
0.161005
0.159362
0.194466
0.186233
0.357424
0.380970
0.329883
0.333810
0.427708
0.424035
0.583126
0.485204
0.506563
0.613973
0.518723
0.649086
0.663761
0.565702
0.614723
0.550581
0.610070
0.639867
0.595287
0.665940
0.532242
0.556629
0.518114
0.525744
0.630809
0.481229
0.603620
0.524346
0.504675
0.504444
0.488271
0.445658
0.438873
0.400534
0.479166
0.457519
0.473273
0.364620
0.499246
0.546249
0.543150
0.527222
0.533512
0.547078
0.488526
0.640240
0.641008
0.711712
0.656523
0.818090
0.780663
0.864148
0.795112
0.836534
0.824475
0.882379
0.856069
0.870318
0.875384
0.776415
0.933661
0.843029
0.868907
0.762437
0.899690
0.827357
0.784848
0.749464
0.694700
0.773787
0.594485
0.667291
0.693323
0.477845
0.639398
0.476214
0.480348
0.462434
0.441373
0.245000
0.469518
0.395813
0.250033
0.176526
0.191579
0.241728
0.255459
0.192652
0.236316
0.153355
0.066693
0.298249
0.134922
0.259337
0.154118
0.213477
0.160220
0.218819
0.169793
0.259620
0.192422
0.200364
0.281622
0.225023
0.312845
0.255600
0.207188
0.322520
0.305806
0.254238
0.256130
0.226498
0.217940
0.165348
0.197926
0.010579
0.099214
-0.007756
0.006431
0.003517
0.011290
-0.085159
-0.086090
-0.184860
-0.210177
-0.161505
-0.259610
-0.288294
-0.285881
-0.289192
-0.368957
-0.414336
-0.462183
-0.439047
-0.371172
-0.357270
-0.478125
-0.476730
-0.376712
-0.432378
-0.386430
-0.471875
-0.465765
-0.442656
-0.431784
-0.261333
-0.353566
-0.259845
-0.264358
-0.270040
-0.324799
-0.200252
-0.248000
-0.178141
-0.156490
-0.158142
-0.107391
-0.094516
-0.146938
-0.088104
-0.058389
-0.004090
-0.059962
-0.007831
-0.064570
-0.055701
-0.116886
-0.074892
-0.083490
-0.119461
-0.038488
-0.141934
-0.086032
-0.041509
-0.149616
-0.135219
-0.298362
-0.182996
-0.206388
-0.189643
-0.201562
-0.228304
-0.283557
-0.177005
-0.152804
-0.291389
-0.193928
-0.097113
-0.167340
-0.051050
-0.037483
-0.080028
-0.060763
0.023858
0.075627
0.136471
0.133183
0.128485
0.321340
0.269997
0.331497
0.284015
0.293256
0.430617
0.508068
0.507935
0.531667
0.545084
0.563128
0.557237
0.611783
0.532881
0.656720
0.650808
0.690313
0.585580
0.586909
0.556736
0.576718
0.672980
0.537699
0.696612
0.559927
0.508804
0.526076
0.499825
0.504508
0.535117
0.477006
0.509957
0.526518
0.525656
0.490026
0.502703
0.567296
0.455645
0.523947
0.537187
0.420325
0.472688
0.576771
0.544749
0.537762
0.637694
0.712599
0.566433
0.683946
0.683162
0.716124
0.815146
0.747063
0.834433
0.823708
0.855196
0.886636
0.864919
0.849048
0.913519
0.911469
0.941462
0.930204
0.855715
0.881856
0.892842
0.859941
0.849055
0.770436
0.838716
0.851435
0.673048
0.659846
0.628673
0.634472
0.569405
0.488590
0.506334
0.423947
0.452018
0.494090
0.355191
0.298502
0.344035
0.264347
0.223630
0.244411
0.328301
0.229798
0.143795
0.196535
0.232835
0.224728
0.219009
0.232926
0.218749
0.151621
0.180332
0.101251
0.240363
0.201764
0.239846
0.238540
0.265022
0.301834
0.354818
0.238541
0.155982
0.228234
0.295909
0.204767
0.227642
0.193192
0.224120
0.014749
0.237417
-0.035978
0.186135
0.981976
-0.422510
0.617735
-0.242150
-0.464391
-0.129696
-1.139406
-0.128734
0.134754
-0.303125
0.053454
-1.302252
-0.724588
0.036554
-1.163398
-0.368148
-0.373629
0.174219
-0.665319
-0.397532
-0.161465
-0.392611
0.283229
-0.566219
0.154043
0.388155
-1.136256
-1.456293
-0.398228
0.490983
-0.793994
-0.466037
0.097663
-0.290906
-0.582294
-0.346504
-0.517066
-0.250302
0.000000
0.583993
0.798268
0.507168
-0.105014
-0.650712
-0.784453
-0.421565
0.208210
0.706170
0.757062
0.328667
-0.307803
-0.749407
-0.716570
-0.230081
0.402069
0.779675
0.663677
0.127513
-0.489378
-0.796449
-0.599298
-0.022739
0.568217
0.799441
0.524548
-0.082429
-0.242192
-0.230354
-0.132241
-0.171714
-0.113314
-0.058949
-0.121159
-0.044278
-0.092182
0.006600
-0.028791
-0.004944
0.061396
0.160089
0.108876
0.204901
0.197434
0.228365
0.374941
0.331029
0.463608
0.403267
0.522113
0.524952
0.454350
0.576986
0.587928
0.595002
0.792929
0.971138
0.720354
-0.575195
-0.246849
-0.004358
1.331885
-0.070594
0.264343
0.943082
0.230181
0.203386
0.342203
0.935628
0.368763
0.186827
-0.123656
0.742728
0.866416
0.510909
1.223781
1.430236
0.723311
0.296350
0.500762
0.741499
0.225219
-0.313613
0.325350
0.170148
0.978671
0.578138
0.596491
0.697695
0.642806
0.622443
0.710451
0.788413
0.712716
0.781748
0.744686
0.755885
0.797109
0.926803
0.832840
0.802548
0.845786
0.843513
0.922474
1.000162
0.882507
0.852861
0.903061
0.894073
0.935782
0.831095
0.911760
0.793786
0.721529
0.689538
0.649549
0.681443
0.549655
0.653702
0.645007
0.501717
0.423750
0.426144
0.464639
0.379405
0.378826
0.343742
0.221269
0.304681
0.328934
0.204521
0.253108
0.176724
0.139344
0.238839
0.222933
2.060328
2.033512
2.052605
2.128113
2.145167
2.135009
2.153729
2.194727
2.194001
2.162140
2.169240
2.122338
2.251297
2.191855
2.282183
2.188788
2.194537
2.148547
2.207683
2.232385
2.181257
2.227008
2.124943
2.056559
2.060989
2.104736
2.016728
2.012597
1.935485
1.917831
1.895796
-0.085451
-0.137151
-0.125311
-0.123566
-0.294853
-0.309552
-0.321430
-0.303644
-0.271839
-0.444533
-0.455108
-0.419135
-0.315554
-0.351990
-0.415408
-0.495568
-0.346684
-0.450729
-0.317050
-0.437920
-0.338921
-0.388328
-0.418186
-0.345265
-0.256089
-0.382714
-0.296400
-0.198151
-0.159244
-0.198533
-0.111026
-0.048817
-0.050402
-0.067583
-0.178428
-0.014687
-0.020204
-0.009133
0.030304
-0.024266
0.037648
0.001326
-0.014584
-0.065605
-0.089809
-0.025911
-0.049768
-0.061085
-0.053941
0.000000
0.796567
-0.147431
-0.769280
0.289811
0.715641
-0.422264
-0.637488
0.540251
0.537497
-0.639733
-0.419093
0.717300
0.286334
-0.770295
-0.143766
0.796903
-0.003727
-0.796214
0.151093
0.768249
-0.293282
-0.713968
0.425425
0.635229
-0.542995
-0.534730
0.641964
0.415914
-0.718942
-0.282850
0.771293
0.140097
-0.797222
0.007455
0.795843
-0.154751
-0.767201
0.296747
0.712278
-0.428577
-0.632956
0.545726
0.531952
-0.644181
-0.412725
0.720569
0.279360
0.580564
0.614828
0.652760
0.608876
0.547828
0.513315
0.681871
0.575650
0.653332
0.495285
0.588188
0.603688
0.584983
0.457989
0.548110
0.407559
0.468248
0.540399
0.556359
0.511254
0.584493
0.508891
0.494207
0.509971
0.680957
0.659506
0.625645
0.601413
0.740298
0.809272
0.815866
0.808864
0.794698
0.823997
0.919126
0.829491
0.873094
0.979152
0.952075
0.885421
0.902380
0.944562
0.858188
0.822003
0.856500
0.890001
0.895811
0.857857
0.764934
0.789367
0.695988
0.713525
0.681305
0.660473
0.575777
0.557579
0.520506
0.496446
0.352843
0.431451
0.384453
0.288399
0.297628
0.322584
0.362478
0.291921
0.278612
0.297550
0.192992
0.213703
0.257688
0.039223
0.133254
0.270808
0.219754
0.267018
0.178624
0.193437
0.204058
0.275958
0.209134
0.269639
0.307124
0.317416
0.350064
0.234591
0.327635
0.360210
0.261432
0.303056
0.356930
0.293485
0.297219
0.225774
0.190858
0.198516
0.099971
0.070280
-0.022060
0.059400
0.017360
-0.000743
0.040814
-0.112325
-0.080904
-0.071963
-0.219821
-0.178197
-0.198588
-0.304526
-0.315058
-0.449381
-0.333033
-0.387604
-0.376935
-0.476267
-0.328416
-0.492861
-0.465751
-0.458750
-0.392558
-0.458404
-0.423217
-0.342814
-0.417331
-0.374119
-0.315420
-0.336041
-0.229719
-0.238468
-0.224236
-0.248203
-0.195801
-0.142390
-0.093310
-0.100721
-0.078572
-0.038412
0.025885
-0.038484
-0.088013
-0.011036
-0.031326
0.056150
0.025599
-0.040279
-0.008013
0.027556
-0.089714
0.016836
0.117509
0.002672
-0.125530
-0.116516
-0.087264
-0.019567
-0.148754
-0.074293
-0.255447
-0.085149
-0.187637
-0.192490
-0.135148
-0.165066
-0.046090
-0.132914
-0.219263
-0.101728
-0.098250
-0.014182
-0.162672
-0.087675
-0.010307
0.036223
0.028367
0.069897
0.137087
0.144566
0.197665
0.365691
0.329794
0.357443
0.339895
0.350064
0.415331
0.460030
0.553777
0.637421
0.509951
0.608492
0.616300
0.563146
0.618225
0.673725
0.590436
0.697965
0.753126
0.657491
0.644997
0.649517
0.590887
0.672168
0.600113
0.615643
0.616645
0.560742
0.515048
0.578765
0.605376
0.611403
0.453613
0.444772
0.561780
0.000000
0.631072
0.775712
0.322430
-0.379382
-0.788765
-0.590165
0.063336
0.668018
0.757789
0.263454
-0.433952
-0.796867
-0.545553
0.126275
0.700769
0.735109
0.202824
-0.485799
-0.799966
-0.497516
0.188420
0.729122
0.707814
0.140920
-0.534595
-0.798043
1.042781
0.902825
0.983621
0.882489
0.912524
0.905352
0.891501
0.791978
0.841577
-0.523553
-0.549861
-0.629139
-0.663662
-0.729025
-0.736759
-0.757367
-0.760269
-0.848678
-0.840072
-0.856118
-0.942651
-0.999742
-1.027082
-1.052247
-1.068773
-1.120166
-1.176957
-1.108246
-1.160778
-1.081776
-1.129942
-1.179747
-1.101342
-1.087921
-1.085382
-1.096282
-1.228577
-1.110280
-1.057535
-1.145706
-1.124050
-0.956951
-1.159692
-1.038510
-0.998941
-1.023908
-0.954877
-1.065429
-1.039574
-1.038098
-1.147286
-1.103875
-1.081982
-1.145098
-1.130772
-1.053519
-1.168816
-1.164998
-1.198695
-1.230549
-1.308709
0.077082
-0.031118
-0.029806
-0.122715
-0.179863
-0.154382
-0.250159
-0.234261
-0.307189
-0.265297
-0.260310
-0.384704
-0.322717
-0.348780
-0.389091
-0.460335
-0.486447
-0.407422
-0.329710
-0.390518
-0.419759
-0.382472
-0.326996
-0.333667
-0.394684
-0.358258
-0.223510
-0.228862
-0.160229
-0.110299
-0.207792
-0.181885
-0.117067
-0.067168
-0.028648
-0.046478
-0.113405
-0.075683
0.023924
-0.009663
-0.100096
0.091479
-0.017039
0.046458
0.111737
0.105691
0.007140
0.004371
-0.063894
0.042771
-0.042379
0.000673
-0.003674
-0.144806
-0.115670
-0.051760
-0.184524
-0.083774
-0.217388
-0.134672
-0.096304
-0.198869
-0.258846
-0.135469
-0.142905
-0.166234
-0.082044
-0.080381
-0.118619
-0.052357
0.060625
0.060520
0.122491
0.016269
0.101854
0.130153
0.226078
0.257166
0.251939
0.372446
0.337381
0.506551
0.413606
0.452625
0.502885
0.628560
0.562930
0.555991
0.561034
0.638096
0.723019
0.664308
0.686464
0.705431
0.717187
0.688099
0.681332
0.648498
0.640708
0.651599
0.649845
0.593809
0.694765
0.630264
0.608849
0.573743
0.592022
0.585653
0.488483
0.584394
0.539003
0.490147
0.579508
0.559755
0.596195
0.587400
0.465256
0.460014
0.543008
0.591463
0.683049
0.529261
0.630655
0.695677
0.673011
0.762955
0.654656
0.748403
0.770884
0.819832
0.769630
0.818898
0.883728
0.756410
0.929740
0.923050
0.867713
0.942966
0.899731
0.934933
0.892453
0.932716
0.879016
0.990425
0.872903
0.882758
0.902669
0.807579
0.908459
0.698207
0.814712
0.665580
0.586389
0.603933
0.558545
0.501517
0.534839
0.588182
0.391579
0.375931
0.415005
0.304901
0.321480
0.318141
0.368391
0.371246
0.315473
0.197249
0.284720
0.218851
0.109699
0.197298
0.233619
0.194577
0.290924
0.174186
0.272517
0.253459
0.399866
0.255407
0.331887
0.300669
0.305557
0.274722
0.427925
0.330785
0.286107
0.345373
0.312004
0.344752
0.281774
0.312659
0.212369
0.256637
0.271130
0.190684
0.184263
0.072336
0.100044
0.195343
-0.001824
0.042144
-0.085678
-0.065032
-0.036774
-0.150083
-0.221189
-0.182422
-0.294167
-0.289165
-0.281581
-0.247551
-0.314294
-0.381862
-0.367757
-0.342807
-0.347906
-0.418107
-0.368064
-0.450696
-0.381768
-0.339464
-0.359053
-0.315494
-0.271918
-0.279443
-0.304210
-0.223789
-0.196380
-0.236746
-0.210985
-0.207676
-0.000418
-0.214297
-0.164763
-0.111850
-0.096677
-0.028629
-0.007436
-0.024063
-0.052547
0.062165
-0.005248
0.004205
0.097502
-0.018555
-0.014611
-0.066297
-0.025848
-0.004022
-0.047174
-0.051441
0.036065
-0.190174
-0.059035
-0.080188
-0.151206
-0.155817
-0.131148
-0.126110
-0.137979
-0.066564
-0.164722
-0.106469
-0.149327
-0.156297
-0.121582
-0.094444
-0.108294
-0.016338
0.069321
0.107322
0.042617
0.073477
0.139070
0.190346
0.190717
0.257087
0.246804
0.276030
0.289793
0.523214
0.408691
0.504780
0.461333
0.584495
0.485100
0.585327
0.666651
0.650254
0.636568
0.694724
0.645665
0.739631
0.681962
0.647006
0.772222
0.740320
0.716274
0.662586
0.637501
0.714481
0.734930
0.566374
0.658862
0.631433
0.622741
0.614504
0.445496
0.731771
0.582757
0.533205
0.594197
0.572761
0.578762
0.535404
0.585360
0.562714
0.660686
0.613134
0.545739
0.680497
0.652417
0.710595
0.700937
0.672122
0.695740
0.748820
0.793415
0.861173
0.866151
0.817192
0.959484
0.851852
0.923774
0.913292
1.005244
0.835993
0.951986
0.962692
0.910863
0.974232
0.943005
0.825310
0.878082
0.966042
0.906797
0.785112
0.846410
0.789521
0.698297
0.716790
0.642892
0.709192
0.658039
0.581257
0.526397
0.477357
0.499072
0.409130
0.450240
0.413875
0.388730
0.283019
0.360029
0.179076
0.320732
0.274270
0.234077
0.164442
0.220729
0.297700
0.263935
0.281452
0.249185
0.276190
0.253170
0.142236
0.341797
0.367288
0.302537
0.302811
0.365770
0.359170
0.311924
0.285984
0.320382
0.303464
0.315367
0.426367
0.331895
0.253557
0.254346
0.238358
0.313466
0.226916
0.121902
0.141161
0.036126
0.061491
0.118091
-0.031909
-0.018671
-0.040851
-0.139468
-0.105309
-0.174356
-0.256811
-0.226774
-0.254350
-0.258533
-0.312429
-0.367827
-0.314343
-0.351026
-0.376740
-0.403785
-0.417492
-0.355521
-0.304741
-0.426032
-0.377893
-0.337243
-0.360646
-0.333558
-0.169033
-0.296587
-0.259197
-0.199541
-0.113686
-0.162215
-0.067976
-0.073666
-0.097487
-0.090309
-0.000176
0.005596
-0.076238
-0.020513
-0.026097
0.067171
0.024823
-0.047956
0.076265
0.087362
0.034231
-0.029346
-0.006031
0.012739
0.054780
0.028919
-0.036229
-0.041974
-0.002963
-0.082689
-0.075147
-0.106179
-0.118801
-0.157587
-0.125158
-0.217234
-0.070766
-0.087430
-0.089007
-0.062365
-0.097167
-0.085087
-0.100683
-0.016044
0.076880
-0.043744
0.082443
0.044442
0.025779
0.152426
0.235864
0.203371
0.214567
0.259726
0.400453
0.410884
0.408501
0.413429
0.577097
0.609095
0.574850
0.463295
0.624968
0.622274
0.766599
0.704997
0.637526
0.683435
0.645025
0.820923
0.743116
0.801075
0.685078
0.804091
0.660052
0.656071
0.725125
0.682672
0.674811
0.521520
0.514545
0.621360
0.647780
0.553564
0.579520
0.575615
0.588012
0.564970
0.593623
0.550883
0.610311
0.000000
0.000000
0.000000
0.000000
0.000000
0.000000
0.000000
0.000000
0.000000
0.000000
0.000000
0.000000
0.000000
0.000000
0.000000
0.000000
0.000000
0.000000
0.000000
0.000000
0.000000
0.000000
0.000000
0.000000
0.000000
0.000000
0.000000
0.000000
0.000000
0.000000
0.000000
0.000000
0.000000
0.000000
0.000000
0.000000
0.000000
0.000000
0.000000
0.000000
0.000000
0.000000
0.000000
0.000000
0.000000
0.000000
0.000000
0.000000
0.000000
0.000000
1.000000
1.000000
1.000000
1.000000
1.000000
1.000000
1.000000
1.000000
1.000000
1.000000
1.000000
1.000000
1.000000
1.000000
1.000000
1.000000
1.000000
1.000000
1.000000
1.000000
1.000000
1.000000
1.000000
1.000000
1.000000
1.000000
1.000000
1.000000
1.000000
1.000000
1.000000
1.000000
1.000000
1.000000
1.000000
1.000000
1.000000
1.000000
1.000000
1.000000
1.000000
1.000000
1.000000
1.000000
1.000000
1.000000
1.000000
1.000000
1.000000
1.000000
