0.001319
0.053859
0.061518
0.110676
0.095719
0.066284
0.245509
0.220005
0.313481
0.367853
0.344644
0.379585
0.310852
0.439196
0.322801
0.393516
0.372545
0.425852
0.417215
0.341953
0.382519
0.334601
0.362510
0.398654
0.291971
0.438839
0.316281
0.360886
0.426019
0.218067
0.265356
0.263730
0.223776
0.319391
0.250111
0.321691
0.230801
0.279607
0.245960
0.255522
0.299553
0.331037
0.275690
0.294833
0.324564
0.372129
0.332365
0.413956
0.509139
0.411143
0.491075
0.616606
0.522835
0.529768
0.609821
0.615067
0.674723
0.566597
0.660066
0.670583
0.665446
0.635523
0.679069
0.723095
0.657618
0.648514
0.642479
0.592635
0.547518
0.571041
0.601243
0.529064
0.452351
0.489200
0.440838
0.419689
0.228425
0.297435
0.341440
0.302841
0.178976
0.120390
0.078515
0.088921
0.061597
0.064355
0.012687
-0.027901
-0.021637
-0.031264
-0.054641
-0.106958
-0.048207
-0.066818
-0.054002
-0.084123
0.002405
-0.001111
-0.131761
0.045848
0.011906
0.037951
0.055431
0.070368
-0.018525
0.122503
0.015842
0.036295
0.091326
-0.035169
0.114312
0.003490
-0.002337
0.131362
-0.087470
-0.118923
-0.032798
-0.128550
-0.153355
-0.145760
-0.152643
-0.213464
-0.208465
-0.341153
-0.239937
-0.435325
-0.374046
-0.327791
-0.476273
-0.433388
-0.565912
-0.609559
-0.659051
-0.615718
-0.528260
-0.610030
-0.604315
-0.499101
-0.643301
-0.671013
-0.644217
-0.602021
-0.641941
-0.615629
-0.631779
-0.605513
-0.508512
-0.584586
-0.522780
-0.522282
-0.479336
-0.508628
-0.428719
-0.414609
-0.342459
-0.379954
-0.291297
-0.251664
-0.284491
-0.280927
-0.260707
-0.219915
-0.258890
-0.186989
-0.189590
-0.237027
-0.265506
-0.184263
-0.302733
-0.293761
-0.331861
-0.312824
-0.243269
-0.286340
-0.317084
-0.317158
-0.289744
-0.388966
-0.355902
-0.364472
-0.407844
-0.444977
-0.480703
-0.479016
-0.433942
-0.369358
-0.373875
-0.300997
-0.386290
-0.308482
-0.378181
-0.262078
-0.275223
-0.190237
-0.213952
-0.303319
-0.101307
-0.067155
-0.150887
-0.075800
0.046333
0.082405
0.181356
0.199780
0.173597
0.130411
0.235029
0.272922
0.310398
0.411587
0.313189
0.426999
0.504186
0.381081
0.395019
0.475589
0.495985
0.426343
0.444120
0.369260
0.464983
0.388679
0.411072
0.382708
0.425958
0.345406
0.309147
0.339068
0.382501
0.306027
0.394226
0.326103
0.270070
0.274908
0.298279
0.333242
0.381357
0.334906
0.327145
0.330624
0.361721
0.251514
0.381933
0.348837
0.430630
0.470780
0.437497
0.380579
0.425636
0.430114
0.581423
0.543962
0.474510
0.562648
0.530463
0.639827
0.721247
0.815359
0.706221
0.643144
0.632099
0.625039
0.734093
0.685873
0.651924
0.634447
0.591664
0.554938
0.584648
0.585586
0.493063
0.481777
0.524542
0.415224
0.432251
0.256323
0.245959
0.276041
0.318888
0.216060
0.253128
0.197938
0.188974
0.223613
0.122051
0.040138
0.045867
0.039608
0.015823
0.040328
-0.002223
0.020137
-0.033605
0.010806
-0.050225
-0.014000
-0.018243
0.032484
0.019812
0.009660
0.073491
0.068229
-0.001581
0.038315
0.072362
0.163921
0.128338
0.046294
0.019126
0.132011
0.063225
-0.004644
0.001324
0.069990
0.047520
-0.020994
-0.084072
-0.096938
-0.111763
-0.189079
-0.164877
-0.231178
-0.231092
-0.317415
-0.266261
-0.347351
-0.323938
-0.382231
-0.437113
-0.518452
-0.483140
-0.586777
-0.603193
-0.587969
-0.679676
-0.481148
-0.637010
-0.737448
-0.573003
-0.614772
-0.616451
-0.622858
-0.697275
-0.582256
-0.631881
-0.637882
-0.590361
-0.564227
-0.500772
-0.419193
-0.424679
-0.492445
-0.416997
-0.370355
-0.471862
-0.486330
-0.437819
-0.317698
-0.306039
-0.277050
-0.230347
-0.285685
-0.253564
-0.293600
-0.281880
-0.227242
-0.235059
-0.207194
-0.184062
-0.263891
-0.249037
-0.307756
-0.321614
-0.320191
-0.381664
-0.401488
-0.382138
-0.398299
-0.413308
-0.395552
-0.386695
-0.396245
-0.360300
-0.413046
-0.418735
-0.384158
-0.287492
-0.320395
-0.346164
-0.370786
-0.313213
-0.314271
-0.296633
-0.279837
-0.172532
-0.071609
-0.136337
-0.161935
-0.007225
0.020026
0.000343
0.011695
0.084719
0.154346
0.178096
0.231637
0.273910
0.300730
0.299707
0.319695
0.357871
0.407872
0.410445
0.461112
0.517599
0.468275
0.498153
0.511952
0.368704
0.397956
0.392778
0.507491
0.455621
0.351352
0.338198
0.284454
0.283174
0.458595
0.362872
0.399046
0.269074
0.321339
0.277935
0.285433
0.237354
0.131284
0.299230
0.228053
0.349554
0.294745
0.261484
0.301091
0.393306
0.385594
0.286171
0.461960
0.432635
0.591376
0.442592
0.558578
0.529871
0.499146
0.568895
0.583685
0.631715
0.561695
0.711697
0.645483
0.735986
0.650088
0.801389
0.657287
0.695714
0.613610
0.655495
0.677842
0.686826
0.680571
0.561962
0.586583
0.526177
0.551831
0.502275
0.449556
0.504297
0.429899
0.365600
0.295233
0.226968
0.268789
0.133912
0.197330
0.229054
0.063753
0.159309
0.030152
0.058067
0.017141
-0.029069
0.029328
-0.061106
0.030742
-0.020029
-0.065343
-0.027482
0.002959
0.041271
-0.033863
0.063038
-0.041078
0.007735
-0.089041
0.108544
-0.031287
0.039943
0.054379
0.125814
0.086722
0.108711
0.070980
0.041386
0.120353
0.119758
0.038674
0.032399
0.007145
-0.063807
-0.013640
0.003724
-0.140096
-0.147185
-0.159162
-0.242503
-0.173923
-0.313130
-0.300481
-0.359108
-0.385337
-0.428193
-0.383913
-0.454622
-0.438130
-0.471571
-0.627348
-0.616876
-0.585967
-0.551396
-0.622745
-0.560874
-0.672071
-0.658353
-0.629730
-0.602981
-0.577931
-0.621539
-0.491321
-0.551265
-0.546471
-0.518251
-0.418587
-0.447570
-0.431473
-0.470788
-0.491938
-0.388380
-0.362195
-0.342350
-0.317692
-0.342159
-0.241580
-0.317148
-0.219793
-0.205643
-0.233210
-0.288045
-0.219690
-0.254055
-0.206175
-0.277600
-0.147178
-0.241119
-0.303263
-0.300820
-0.280548
-0.309386
-0.313772
-0.345579
-0.312670
-0.379040
-0.343896
-0.343522
-0.399903
-0.369469
-0.316716
-0.341976
-0.421330
-0.369390
-0.262612
-0.309599
-0.302427
-0.343607
-0.233954
-0.322249
-0.242566
-0.231964
-0.234151
-0.140149
-0.071452
-0.000986
-0.013217
0.002940
0.017089
0.181487
0.153478
0.192767
0.306682
0.225526
0.249443
0.373827
0.218382
0.404013
0.417182
0.382894
0.448001
0.515300
0.435919
0.553478
0.451015
0.358266
0.426266
0.532258
0.423838
0.527441
0.454168
0.397895
0.395383
0.355081
0.362083
0.333475
0.364583
0.391484
0.256155
0.345815
0.350294
0.361981
0.264573
0.226619
0.280900
0.343988
0.370308
0.343286
0.280011
0.318854
0.346958
0.403076
0.421814
0.449925
0.520006
0.538442
0.433985
0.498264
0.475711
0.593384
0.570969
0.625396
0.546985
0.688064
0.712356
0.754339
0.617369
0.665096
0.695724
0.689868
0.718200
0.663447
0.624159
0.684718
0.559909
0.624325
0.576597
0.596405
0.543270
0.518432
0.346912
0.481632
0.375998
0.412750
0.342762
0.373175
0.177255
0.230278
0.194546
0.175360
0.212177
0.116510
0.078477
0.021121
0.072903
0.061769
0.012721
-0.002185
-0.045641
0.041182
0.001213
0.086090
0.119559
0.051489
0.011256
-0.057284
0.065375
-0.020549
0.054969
0.078156
0.044464
0.155269
0.088081
0.078952
0.050869
0.008952
0.142812
0.160738
0.092128
0.079178
-0.019981
0.016678
0.016704
0.032878
-0.001592
-0.067903
-0.103354
-0.153535
-0.093327
-0.215619
-0.169905
-0.255373
-0.302963
-0.447130
-0.386134
-0.487723
-0.459031
-0.480964
-0.602227
-0.459744
-0.517265
-0.661051
-0.569641
-0.649755
-0.578591
-0.633101
-0.576592
-0.588154
-0.589145
-0.614935
-0.598320
-0.613683
-0.534822
-0.504119
-0.447666
-0.557309
-0.412224
-0.443347
-0.556855
-0.322349
-0.347310
-0.286986
-0.391500
-0.249405
-0.247402
-0.258562
-0.256230
-0.268694
-0.223474
-0.091570
-0.191266
-0.215816
-0.183490
-0.145766
-0.145338
-0.173758
-0.126940
-0.160597
-0.135023
-0.315163
-0.318606
-0.390748
-0.359071
-0.216087
-0.422266
-0.310014
-0.429893
-0.386547
-0.390730
-0.302798
-0.388426
-0.383976
-0.294787
-0.372725
-0.334775
-0.301765
-0.330402
-0.254263
-0.301272
-0.297198
-0.192413
-0.118308
-0.078078
-0.118375
-0.116456
0.005451
0.043682
0.054532
0.038568
0.031152
0.174422
0.221094
0.263309
0.332354
0.351062
0.311411
0.380662
0.368417
0.516282
0.451109
0.461484
0.400328
0.503324
0.399195
0.474151
0.514699
0.361423
0.481406
0.479584
0.470720
0.399124
0.358123
0.430304
0.427301
0.469757
0.302734
0.342713
0.346784
0.303678
0.387247
0.340425
0.233863
0.324175
0.298230
0.252265
0.262233
0.310918
0.329348
0.286247
0.395720
0.418240
0.483360
0.577866
0.425105
0.619604
0.516598
0.598235
0.535089
0.580472
0.621277
0.606678
0.688052
0.624685
0.624664
0.659836
0.653290
0.700397
0.750575
0.599483
0.742830
0.816306
0.701996
0.659182
0.655182
0.615177
0.675580
0.673536
0.655274
0.570347
0.542907
0.504396
0.419855
0.439890
0.342021
0.426905
0.423804
0.307770
0.209104
0.209534
0.159148
0.107788
0.057804
0.083945
0.114137
0.049766
0.006069
0.020504
0.102385
0.077459
-0.024603
-0.013648
0.075758
0.024016
0.026629
-0.011014
0.054067
-0.024496
0.122434
0.026879
0.091586
0.064648
0.072998
0.084067
0.165217
0.077030
0.098111
0.054024
0.139157
0.040929
0.051024
0.086015
0.140641
-0.005019
-0.092576
-0.098002
-0.080489
-0.133057
-0.108727
-0.156378
-0.269000
-0.234785
-0.217435
-0.282325
-0.276813
-0.338901
-0.364752
-0.440219
-0.468839
-0.594284
-0.454881
-0.548224
-0.553760
-0.547996
-0.495471
-0.590090
-0.628853
-0.551866
-0.543950
-0.562686
-0.518072
-0.594546
-0.586377
-0.559329
-0.469099
-0.568310
-0.432564
-0.346193
-0.352047
-0.420828
-0.412129
-0.348371
-0.263344
-0.266844
-0.279725
-0.190777
-0.269017
-0.238640
-0.228992
-0.240894
-0.189106
-0.215650
-0.211394
-0.142581
-0.155790
-0.201575
-0.205995
-0.257894
-0.255653
-0.254325
-0.367886
-0.233729
-0.205730
-0.245953
-0.267422
-0.281304
-0.282138
-0.356535
-0.301474
-0.430568
-0.344663
-0.390401
-0.371860
-0.329493
-0.342307
-0.430410
-0.217073
-0.280130
-0.291946
-0.233329
-0.220553
-0.202612
-0.132066
-0.158449
-0.162362
-0.066947
-0.053345
-0.038369
0.094620
0.119471
0.189817
0.231128
0.264166
0.303026
0.328048
0.439110
0.324638
0.395437
0.432980
0.425876
0.465293
0.482469
0.465160
0.542096
0.467496
0.509596
0.515444
0.484122
0.467191
0.384865
0.358648
0.437453
0.395967
0.375720
0.409170
0.443405
0.373327
0.286797
0.325703
0.440509
0.290686
0.333003
0.291761
0.326088
0.431832
0.365720
0.316489
0.345483
0.428327
0.351663
0.402987
0.458770
0.449883
0.427177
0.494137
0.496353
0.535689
0.582581
0.571749
0.568066
0.662691
0.668416
0.694676
0.685726
0.777713
0.772109
0.716225
0.719699
0.785862
0.724217
0.780764
0.701610
0.713810
0.701699
0.639404
0.675253
0.705143
0.766278
0.577724
0.566268
0.577900
0.467985
0.551046
0.399219
0.403509
0.449927
0.278509
0.284066
0.255659
0.229746
0.172495
0.123992
0.032694
0.098062
0.090242
0.081449
0.092850
0.062892
-0.018221
-0.066097
0.015373
0.019321
0.056405
0.098043
0.029867
0.027179
0.038931
0.118995
0.063633
0.071676
0.056844
0.002700
0.107490
0.175966
0.122883
0.087271
0.121307
0.096280
0.009311
0.019147
0.085126
0.134367
0.105105
0.058845
-0.038834
-0.066232
0.016800
-0.090855
-0.120216
-0.110199
-0.191100
-0.206806
-0.339167
-0.201161
-0.363342
-0.380061
-0.283876
-0.378047
-0.334092
-0.429705
-0.510621
-0.488281
-0.517704
-0.503706
-0.562416
-0.544374
-0.615108
-0.524818
-0.574053
-0.594729
-0.555414
-0.559145
-0.434986
-0.538602
-0.495036
-0.586936
-0.462861
-0.486624
-0.451072
-0.352138
-0.434399
-0.279580
-0.258393
-0.289989
-0.225712
-0.278658
-0.112929
-0.246881
-0.130467
-0.153432
-0.135945
-0.219721
-0.117259
-0.151259
-0.156562
-0.169659
-0.175701
-0.182798
-0.208463
-0.206302
-0.239212
-0.345809
-0.247840
-0.245754
-0.268432
-0.353341
-0.290385
-0.286174
-0.253795
-0.350034
-0.364173
-0.409647
-0.385730
-0.249982
-0.341892
-0.374899
-0.248084
-0.313014
-0.335359
-0.281845
-0.141988
-0.201706
-0.136863
-0.099583
-0.014065
-0.002352
0.061608
-0.030063
0.159552
0.185982
0.226802
0.178175
0.240096
0.287952
0.263005
0.286388
0.275579
0.373920
0.552269
0.362788
0.560389
0.518794
0.398597
0.551802
0.499365
0.445085
0.583641
0.448292
0.462017
0.496774
0.534421
0.556284
0.454430
0.467754
0.407685
0.335838
0.403845
0.372427
0.346792
0.391489
0.318736
0.298765
0.315640
0.243934
0.356629
0.403349
0.317232
0.361571
0.481465
0.398350
0.381678
0.416058
0.483078
0.525428
0.472556
0.459668
0.402075
0.537401
0.543592
0.544429
0.671547
0.665776
0.681889
0.678320
0.809705
0.771327
0.688345
0.797619
0.698995
0.740382
0.753174
0.669842
0.679573
0.796442
0.730573
0.744680
0.614927
0.566332
0.568888
0.678201
0.582637
0.594716
0.433070
0.362851
0.396898
0.409377
0.247259
0.235168
0.166379
0.300664
0.198527
0.167087
0.087066
0.151290
0.186902
0.055528
0.073043
0.106962
0.117665
0.077351
0.107054
0.077987
0.085910
0.023645
0.161383
0.127043
0.067594
0.074264
-0.012366
0.169987
0.169965
0.041671
0.036730
0.155120
0.183790
0.120958
0.101407
0.176276
0.092939
0.131006
0.144896
0.081770
0.031196
0.053990
0.042751
-0.002000
0.091249
0.034703
-0.105813
-0.112083
-0.175916
-0.276604
-0.225066
-0.296166
-0.314498
-0.315712
-0.291057
-0.367079
-0.447009
-0.392371
-0.468901
-0.570337
-0.585408
-0.589889
-0.604268
-0.553431
-0.602157
-0.551122
-0.568290
-0.633799
-0.482384
-0.474456
-0.521712
-0.579387
-0.465201
-0.474349
-0.501686
-0.444885
-0.447049
-0.355135
-0.367180
-0.418857
-0.381386
-0.310710
-0.372884
-0.253454
-0.200878
-0.280849
-0.254747
-0.221396
-0.157230
-0.149194
-0.119787
-0.260567
-0.144822
-0.123140
-0.285297
-0.106748
-0.193744
-0.207104
-0.134995
-0.218622
-0.169750
-0.226178
-0.249928
-0.225154
-0.315926
-0.249801
-0.360490
-0.233573
-0.292060
-0.288268
-0.367208
-0.265257
-0.324142
-0.317462
-0.276605
-0.233695
-0.319781
-0.128663
-0.201315
-0.136932
-0.073375
-0.035032
-0.053636
0.023899
0.149980
0.078992
0.076133
0.223679
0.104770
0.240761
0.240281
0.251683
0.306961
0.373320
0.447800
0.437286
0.421915
0.467867
0.535134
0.521590
0.464712
0.470144
0.484621
0.578440
0.529992
0.507957
0.534237
0.459173
0.500873
0.454603
0.480492
0.434466
0.451379
0.372986
0.453791
0.410604
0.361270
0.382093
0.431233
0.299920
0.317869
0.369972
0.279406
0.356228
0.411965
0.392347
0.410656
0.392055
0.338788
0.410857
0.482337
0.434389
0.432981
0.534197
0.493450
0.582534
0.676149
0.632495
0.653378
0.719517
0.695756
0.733023
0.719984
0.732909
0.723366
0.858859
0.729333
0.749536
0.755328
0.796891
0.758102
0.699194
0.728621
0.764178
0.665626
0.677146
0.611864
0.653071
0.604858
0.535105
0.468144
0.436682
0.422224
0.437764
0.374067
0.395791
0.317967
0.215734
0.223461
0.140722
0.198100
0.222568
0.137985
0.067126
0.161133
0.094223
0.088418
0.060601
0.098877
0.129172
0.146440
0.098780
0.023513
-0.016488
0.089145
0.107505
0.149476
0.122732
0.140784
0.123173
0.084106
0.133707
0.157522
0.179773
0.239745
0.171851
0.149542
0.121471
0.072947
0.018597
0.156899
0.095816
0.065211
-0.023197
0.034802
-0.063373
-0.054617
-0.179065
-0.033819
-0.221154
-0.236156
-0.185526
-0.279647
-0.371812
-0.361084
-0.360861
-0.346831
-0.444343
-0.565873
-0.511596
-0.470499
-0.536734
-0.471955
-0.569567
-0.557344
-0.640807
-0.476095
-0.538385
-0.504950
-0.468012
-0.341247
-0.546893
-0.441340
-0.450005
-0.379264
-0.424361
-0.356135
-0.301931
-0.319683
-0.318403
-0.267049
-0.294776
-0.209667
-0.170376
-0.249957
-0.174390
-0.175141
-0.137923
-0.162581
-0.222618
-0.063350
-0.127256
-0.063876
-0.119421
-0.121470
-0.253739
-0.095411
-0.095961
-0.200739
-0.260179
-0.206570
-0.330999
-0.310789
-0.272239
-0.286211
-0.277968
-0.319644
-0.280661
-0.326149
-0.365364
-0.277917
-0.349612
-0.318902
-0.388882
-0.265225
-0.236619
-0.368234
-0.207559
-0.142613
-0.142135
-0.122744
-0.078149
-0.085538
0.030023
-0.021435
0.205283
0.103749
0.133556
0.182284
0.171757
0.253264
0.359822
0.356280
0.413543
0.369768
0.537997
0.540554
0.547139
0.546103
0.569405
0.604698
0.610765
0.592215
0.572987
0.519300
0.594532
0.567471
0.441672
0.460660
0.522426
0.497590
0.480754
0.425371
0.405201
0.389520
0.411107
0.320933
0.443103
0.372257
0.274801
0.404833
0.368621
0.353515
0.290526
0.404027
0.326107
0.423384
0.394186
0.421354
0.369256
0.418868
0.513561
0.462794
0.508102
0.521934
0.602590
0.637296
0.693115
0.724176
0.613669
0.731355
0.711688
0.709632
0.773495
0.791248
0.689607
0.666052
0.854318
0.777419
0.809889
0.799732
0.752569
0.735808
0.730736
0.781208
0.563885
0.554434
0.562627
0.497750
0.628601
0.497676
0.436604
0.443443
0.396275
0.363640
0.456630
0.373089
0.298074
0.201482
0.189518
0.098216
0.149097
0.125473
0.151760
0.091528
0.108486
0.079781
0.062650
0.049950
0.099299
0.090136
0.111628
0.069910
0.066013
0.067470
0.139748
0.185281
0.143376
0.079344
0.204825
0.148556
0.063995
0.204440
0.139225
0.206485
0.173346
0.144047
0.160003
0.153687
0.048764
0.120610
0.104702
0.114783
0.046538
-0.061323
0.018389
-0.049033
0.047793
-0.132539
-0.209868
-0.177532
-0.167377
-0.227036
-0.277250
-0.202882
-0.398174
-0.471262
-0.505412
-0.492661
-0.517133
-0.474339
-0.497270
-0.613558
-0.536879
-0.518040
-0.533580
-0.520750
-0.427266
-0.535376
-0.582531
-0.438827
-0.441011
-0.418324
-0.460576
-0.458853
-0.391738
-0.351246
-0.301653
-0.298360
-0.327117
-0.328224
-0.318964
-0.167066
-0.171721
-0.133418
-0.177657
-0.171196
-0.198427
-0.211574
-0.096897
-0.233270
-0.071491
-0.197347
-0.045201
-0.255230
-0.200548
-0.149657
-0.150499
-0.173961
-0.231043
-0.211100
-0.283275
-0.239192
-0.258245
-0.209376
-0.292372
-0.237245
-0.274385
-0.407903
-0.298752
-0.313091
-0.355130
-0.237418
-0.275227
-0.170081
-0.245658
-0.242712
-0.259908
-0.146099
-0.133313
-0.131827
-0.191583
0.006766
-0.001412
0.057129
0.136070
0.211519
0.164371
0.234396
0.255066
0.287826
0.405759
0.402454
0.364773
0.461083
0.382698
0.469649
0.542898
0.576953
0.459430
0.535474
0.499279
0.438784
0.530693
0.530141
0.470956
0.640684
0.505936
0.507601
0.517412
0.473365
0.541394
0.454555
0.464859
0.375313
0.462745
0.545593
0.542487
0.356234
0.405210
0.349784
0.363294
0.299716
0.353899
0.332770
0.365875
0.409250
0.438340
0.443610
0.353093
0.521850
0.463878
0.568153
0.561423
0.580248
0.487833
0.648452
0.569778
0.751559
0.751994
0.729843
0.768493
0.707666
0.769820
0.821642
0.739445
0.770213
0.830059
0.695059
0.855547
0.746222
0.770631
0.743877
0.732050
0.673057
0.701160
0.590171
0.577015
0.643005
0.457610
0.535208
0.419228
0.476591
0.386817
0.416352
0.446808
0.257810
0.274315
0.247340
0.108243
0.156379
0.235861
0.127419
0.129345
0.113286
0.053628
0.039434
0.071196
0.148408
0.092035
0.086829
0.098064
0.077028
0.162165
0.108267
0.128424
0.183582
0.135192
0.191061
0.145298
0.114240
0.120844
0.235915
0.181362
0.174137
0.153162
0.143397
0.066710
0.179769
0.102684
0.063464
0.055634
0.126129
0.021785
0.059046
0.001290
-0.050272
-0.115989
-0.106276
-0.174428
-0.072875
-0.164347
-0.264998
-0.341548
-0.362397
-0.311416
-0.418243
-0.421599
-0.346051
-0.476408
-0.503289
-0.541023
-0.573964
-0.568648
-0.525409
-0.509043
-0.560513
-0.543263
-0.397920
-0.512575
-0.538734
-0.523112
-0.529393
-0.484633
-0.354202
-0.315373
-0.503192
-0.304205
-0.358041
-0.324864
-0.282701
-0.318377
-0.199445
-0.229699
-0.218745
-0.194769
-0.108088
-0.161907
-0.011167
-0.113052
-0.132449
-0.121979
-0.079657
-0.089086
-0.118751
-0.101107
-0.144631
-0.100821
-0.097995
-0.167898
-0.189900
-0.172390
-0.226797
-0.246630
-0.337924
-0.238864
-0.283079
-0.361536
-0.314893
-0.235231
-0.235323
-0.210134
-0.325785
-0.217688
-0.190503
-0.252469
-0.121368
-0.111056
-0.139496
-0.236659
-0.137958
-0.006648
0.028471
0.101848
0.034139
0.172375
0.057761
0.166028
0.219409
0.238775
0.217667
0.388604
0.341387
0.362748
0.406953
0.410543
0.536790
0.424987
0.584456
0.573448
0.586241
0.543100
0.624600
0.509991
0.590167
0.536815
0.570723
0.559683
0.544980
0.489211
0.489297
0.478886
0.398329
0.422610
0.497336
0.425441
0.456877
0.446394
0.465991
0.405623
0.446704
0.417334
0.321838
0.359291
0.320224
0.374481
0.462005
0.426574
0.432058
0.559963
0.488135
0.423531
0.510625
0.551316
0.665429
0.536879
0.635198
0.665437
0.647682
0.712694
0.729191
0.766848
0.699510
0.828962
0.700856
0.938973
0.773966
0.842932
0.806334
0.666447
0.666684
0.794557
0.818754
0.677996
0.734922
0.723765
0.618821
0.585142
0.562977
0.514109
0.597443
0.531216
0.503799
0.377434
0.395108
0.366034
0.336165
0.338686
0.304692
0.217053
0.199557
0.193033
0.224733
0.177011
0.168561
0.096024
0.016865
0.051585
0.073208
0.148008
0.138619
0.079091
0.188411
0.122465
0.031633
0.058772
0.260850
0.155979
0.112514
0.144916
0.248559
0.192714
0.215975
0.233490
0.285497
0.170295
0.150187
0.118565
0.194689
0.129167
0.102193
0.100444
0.082862
0.009682
0.035638
0.071573
-0.062962
-0.032657
-0.186831
-0.181151
-0.317525
-0.183870
-0.214025
-0.351160
-0.401896
-0.380942
-0.340557
-0.442527
-0.513176
-0.432796
-0.375965
-0.454542
-0.518528
-0.382054
-0.509460
-0.467155
-0.482137
-0.451505
-0.472226
-0.578803
-0.518788
-0.459695
-0.503980
-0.398651
-0.366548
-0.481286
-0.384336
-0.204281
-0.326123
-0.196081
-0.270483
-0.159673
-0.120238
-0.218059
-0.075393
-0.207359
-0.078227
-0.192340
-0.133911
-0.045674
-0.110765
-0.165258
-0.123613
0.243299
0.277988
-0.485790
-0.962532
-0.616943
0.667993
0.418321
-0.301249
-0.608370
-0.196720
-0.634116
-0.913440
0.011650
-0.548928
0.194884
-0.388606
0.307828
-0.682486
-0.373652
-0.903176
0.855792
0.396514
0.316348
-0.799408
-0.679305
-0.259336
0.658635
-0.178886
-0.450604
-0.221402
0.116835
0.773400
-0.225360
0.071628
0.103086
-0.529815
0.302752
0.292507
0.284313
0.459202
0.410760
0.469520
0.454863
0.526465
0.511865
0.567602
0.645657
0.600156
0.575698
0.605316
0.538562
0.597007
0.572625
0.491275
0.578044
0.561264
0.598063
0.513736
0.525577
0.552103
0.499632
0.444996
0.499235
0.443806
0.510309
0.396439
0.464210
0.396788
0.395114
0.417977
0.373301
0.453470
0.386043
0.399326
0.329117
0.444421
0.471475
0.548481
0.629544
0.479637
0.653288
0.648380
0.640963
0.831442
0.637232
0.725762
0.767138
0.744071
0.818952
0.858017
0.788103
0.756669
0.809432
0.823057
0.811352
0.793804
0.821047
0.762609
0.774155
0.872963
0.778563
0.755079
0.734181
0.629235
0.701112
0.597781
0.554056
0.543752
0.461053
0.485610
0.413399
0.472324
0.315424
0.353669
0.296541
0.249653
0.294274
0.191329
0.243851
0.132895
0.219738
0.100497
0.148123
0.133448
0.162358
0.082459
0.127576
0.132189
0.214687
0.057140
0.186578
0.120648
0.123796
0.181513
0.193149
0.238519
0.000000
0.608171
0.790224
0.418602
-0.246316
-0.738651
-0.713447
-0.188362
0.468699
0.797364
0.567352
-0.060179
-0.645545
-0.778606
-0.366133
0.302873
0.759670
0.684200
0.129341
-0.516141
-0.799986
-0.523317
0.120017
0.679260
0.762576
0.311589
-0.357715
-0.776384
-0.651076
-0.069588
0.560657
0.798075
0.476317
-0.179175
-0.709127
-0.742225
-0.255280
0.410529
0.788698
0.614262
0.009440
-0.601996
-0.351147
-0.474703
-0.430713
-0.348420
-0.311202
-0.322335
-0.242197
-0.257744
-0.282267
-0.157655
-0.183676
-0.128366
-0.134115
-0.167350
-0.155093
-0.118476
-0.062729
-0.051055
-0.102823
-0.171966
-0.136069
-0.126951
-0.028543
-0.126636
-0.232974
-0.220813
-0.116397
-0.206083
-0.177943
-0.127411
-0.195349
-0.144882
-0.170369
-0.252647
-0.224011
-0.278774
-0.246890
-0.228866
-0.280170
-0.280642
-0.300274
-0.207830
-0.225166
-0.220359
-0.138030
-0.229655
-0.056066
-0.083972
-0.118058
-0.038024
-0.112728
0.052563
0.079920
0.131576
0.151555
0.146335
0.189794
0.186868
0.232155
0.375642
0.311234
0.460559
0.398220
0.458782
0.491193
0.562114
0.576106
0.562109
0.473372
0.619164
0.563112
0.580478
0.557811
0.631501
0.582642
0.552414
0.589657
0.490183
0.494512
0.602775
0.465643
0.514280
0.446726
0.402257
0.421644
0.504323
0.397911
0.530712
0.498491
0.360459
0.339324
0.362842
0.397886
0.438059
0.535055
0.467517
0.439157
0.541795
0.469320
0.550336
0.552353
0.538069
0.553396
0.713725
0.565219
0.652739
0.629351
0.664974
0.775495
0.720097
0.808908
0.839795
0.758903
0.778214
0.901072
0.810731
0.796392
0.848649
0.810639
0.886339
0.811514
0.711112
0.772126
0.720932
0.678167
0.798985
0.601539
0.620410
0.577715
0.532118
0.506582
0.463275
0.439182
0.363999
0.434379
0.370879
0.228493
0.292167
0.293562
0.300374
0.219926
0.220945
0.147223
0.218922
0.121538
0.055951
0.048546
0.126103
0.159756
0.050073
0.143559
0.146579
0.174804
0.160536
0.088288
0.125531
0.112868
0.160366
0.181514
0.136969
0.168673
0.042185
1.053611
0.108607
0.749942
0.038569
1.098709
0.019455
-0.320915
-0.040053
-0.080787
0.391876
-0.431905
1.212466
0.317138
-0.181167
-0.700415
0.479165
-0.074798
-1.245808
-0.603694
-1.073214
-0.111941
-0.536201
-0.768680
-1.411760
-1.114839
0.204925
0.028921
0.500777
0.369363
-0.455962
-1.259187
-0.638284
-0.510970
0.260247
0.245378
-0.380311
-0.490950
-0.390960
-0.488657
-0.446886
-0.252516
-0.339135
-0.292345
-0.332795
-0.343006
-0.231590
-0.304400
-0.183906
-0.252627
-0.142441
-0.122216
-0.103732
-0.129639
-0.106818
-0.106198
-0.022875
-0.066977
-0.044643
-0.061190
-0.070191
0.004957
-0.153855
-0.204216
-0.107182
-0.158911
-0.002455
-0.098783
-0.091840
-0.133581
-0.143812
-0.209515
-0.202386
-0.216791
-0.184175
-0.195607
-0.214902
-0.317196
-0.264855
-0.272343
-0.203883
-0.184240
-0.139099
0.000000
0.593728
0.795860
0.473080
-0.161721
-0.689859
-0.762998
-0.332899
0.316764
0.757505
0.698631
0.178972
-0.458728
-0.793873
-0.605416
-0.017655
0.581750
0.797460
0.487202
-0.144391
-0.680751
-0.768119
-0.348872
0.300475
0.751643
0.707062
0.196136
0.620930
0.611867
0.644620
0.603480
0.517844
0.606378
0.508181
0.462766
0.541917
0.608020
0.489738
0.538483
0.627255
0.404685
0.482336
0.455107
0.448072
0.514482
0.455999
0.427413
0.433071
0.408409
0.460848
0.488755
0.490371
0.521800
0.513350
0.537929
0.510338
0.548672
0.595575
0.573566
0.656846
0.656020
0.699344
0.649504
0.708116
0.768265
0.736130
0.816078
0.896987
0.907238
0.903768
0.867372
0.853661
0.892293
0.942970
0.863388
0.882586
0.834347
0.739986
0.733127
0.824046
0.776175
0.693121
0.648698
0.606103
0.585316
0.566854
0.665271
0.487890
0.477372
0.406514
0.412176
0.424208
0.224994
0.299128
0.358514
0.160192
0.193960
0.185803
0.151086
0.191242
0.213555
0.123402
0.190962
0.160624
0.177038
0.066741
0.130136
0.176180
0.145630
0.081914
0.200068
0.214763
0.207149
0.277494
0.192508
0.208874
0.253518
0.186685
0.334251
0.224832
0.171757
0.216866
0.242525
0.223264
0.093864
0.192783
0.156881
0.235247
0.156323
0.057133
0.052685
0.019808
0.043558
-0.025562
-0.161769
-0.140225
-0.209170
-0.198122
-0.235431
-0.307300
-0.260098
-0.267624
-0.262124
-0.384522
-0.466738
-0.352800
-0.428261
-0.471070
-0.444888
-0.463888
-0.425590
-0.520811
-0.540931
-0.447063
-0.447289
-0.398537
-0.476010
-0.426343
-0.376876
-0.241688
-0.356351
-0.367951
-0.296381
-0.293334
-0.259635
-0.234863
-0.221877
-0.150076
-0.209266
-0.176557
-0.184357
-0.154131
-0.085344
-0.048341
-0.041098
-0.029689
-0.070964
-0.036277
-0.053100
-0.090670
-0.046534
-0.079714
-0.246187
-0.086942
-0.123572
-0.191045
-0.232936
-0.242409
-0.170805
-0.197345
-0.252583
-0.278384
-0.211202
-0.226063
-0.215073
-0.204340
-0.299779
-0.233327
-0.172666
-0.266021
-0.283621
-0.224914
-0.112522
-0.190210
-0.177739
-0.017600
-0.050437
0.014297
0.028892
0.155405
0.088944
0.262047
0.248602
0.228680
0.388559
0.319413
0.361654
0.437282
0.507025
0.492229
0.431711
0.582661
0.560720
0.510059
0.590294
0.575952
0.623240
0.648059
0.653389
0.677742
0.516533
0.585303
0.627865
0.592629
0.725034
0.527314
0.559260
0.606987
0.638647
0.549565
0.560415
0.492104
0.518917
0.544327
0.473854
0.616124
0.302579
0.450410
0.607360
0.467646
0.440453
0.486379
0.472810
0.429806
0.517658
0.500115
0.554923
0.612352
0.677000
0.676461
0.695678
0.690848
0.742327
0.730622
0.716428
0.678425
0.938547
0.841392
0.818378
0.823660
0.842565
0.864900
0.961660
0.810905
0.871920
0.922498
0.815677
0.816893
0.810330
0.818429
0.847212
0.745332
0.707423
0.601276
0.644388
0.558764
0.546164
0.411063
0.424315
0.377345
0.411802
0.383070
0.298328
0.372314
0.322959
0.312808
0.295811
0.227250
0.202297
0.167779
0.225893
0.109544
0.253393
0.196969
0.156000
0.260755
0.130934
0.124163
0.169234
0.112330
0.220719
0.199854
0.209857
0.223041
0.289407
0.206097
0.303491
0.192145
0.213735
0.236969
0.187660
0.297311
0.249535
0.287001
0.247846
0.272168
0.147555
0.212317
0.131792
0.026858
0.146917
0.142640
0.042737
-0.163999
-0.080889
-0.049896
-0.106647
-0.224438
-0.244007
-0.262557
-0.341646
-0.332008
-0.308281
-0.358755
-0.452089
-0.330839
-0.373116
-0.472605
-0.518888
-0.467878
-0.508292
-0.482107
-0.562217
-0.499023
-0.438510
-0.502415
-0.410861
-0.407923
-0.316167
-0.344627
-0.302262
-0.339388
-0.267586
-0.249734
-0.242851
-0.125395
-0.138039
-0.108793
-0.044155
-0.100426
-0.028403
-0.051754
-0.040881
-0.035963
-0.087377
0.045800
-0.006976
-0.009839
-0.002437
-0.067474
-0.079149
-0.057345
-0.174854
-0.176340
-0.048598
-0.171667
-0.099882
-0.106189
-0.122034
-0.238534
-0.170323
-0.172137
-0.187303
-0.222813
-0.213986
-0.183196
-0.258763
-0.201830
-0.132798
-0.174294
-0.200034
-0.087134
-0.041195
-0.112038
-0.010091
0.019773
-0.051153
0.044830
0.070620
0.109524
0.146417
0.257203
0.227927
0.265310
0.358769
0.416758
0.380431
0.456069
0.402777
0.492659
0.449870
0.536913
0.558813
0.577078
0.735661
0.611497
0.555695
0.649672
0.635723
0.647040
0.580407
0.710953
0.661969
0.613208
0.544198
0.550987
0.605916
0.590728
0.486474
0.518867
0.457001
0.491816
0.617305
0.501298
0.430025
0.566693
0.444590
0.409017
0.462686
0.368794
0.579787
0.562253
0.477669
0.545576
0.449430
0.633907
0.563276
0.658979
0.620645
0.643870
0.680343
0.700598
0.781801
0.729760
0.808230
0.821793
0.834592
0.797982
0.816164
0.923294
0.797015
0.963840
0.992108
0.873343
0.778838
0.941466
0.814360
0.839812
0.876005
0.716721
0.825233
0.769770
0.731857
0.637423
0.677307
0.609611
0.521705
0.545469
0.524236
0.536929
0.447885
0.363684
0.343392
0.288340
0.292770
0.333682
0.210477
0.306248
0.160752
0.171177
0.211965
0.112956
0.181458
0.124602
0.169354
0.200201
0.191658
0.173302
0.231436
0.150641
0.208055
0.196948
0.214528
0.165215
0.291621
0.226943
0.320013
0.295964
0.327334
0.307265
0.276976
0.181473
0.277495
0.212319
0.247305
0.218562
0.161413
0.268456
0.127235
0.139593
0.070725
0.133619
-0.026350
-0.066976
-0.131312
-0.083784
-0.108705
-0.217060
-0.153058
-0.162779
-0.163459
-0.293904
-0.398392
-0.440870
-0.370228
-0.446914
-0.312083
-0.455281
-0.581979
-0.406634
-0.405758
-0.409002
-0.460049
-0.364030
-0.413742
-0.455869
-0.340110
-0.379308
-0.318440
-0.414817
-0.375713
-0.285431
-0.258747
-0.191145
-0.247524
-0.188714
-0.203650
-0.183630
-0.161037
-0.046496
0.006373
-0.157384
-0.040133
-0.027192
-0.073715
-0.043444
-0.000537
0.008374
-0.061666
-0.047151
0.001378
-0.123945
-0.087182
-0.117714
-0.123348
-0.249781
-0.161925
-0.196389
-0.143353
-0.144526
-0.236624
-0.194994
-0.270314
-0.189379
-0.202071
-0.245854
-0.258749
-0.184043
-0.114608
-0.236573
-0.119168
-0.184388
-0.133155
-0.083402
0.042044
0.088582
0.020618
0.051612
0.097368
0.090834
0.240062
0.253523
0.245732
0.275843
0.319360
0.358196
0.458800
0.515948
0.452262
0.537581
0.544375
0.505937
0.644427
0.591377
0.673165
0.662025
0.742653
0.700410
0.655216
0.631916
0.593395
0.690077
0.619443
0.541331
0.625626
0.594095
0.615446
0.650261
0.653561
0.530012
0.546522
0.509724
0.535728
0.449972
0.477320
0.494965
0.489680
0.499594
0.467423
0.452973
0.504807
0.541266
0.496043
0.551683
0.611237
0.623808
0.606847
0.674786
0.647835
0.647321
0.766735
0.755431
0.758027
0.805385
0.775815
0.843983
0.852043
0.851963
0.855587
0.919834
0.891612
0.932899
1.001601
0.849909
0.868792
0.881473
0.942216
0.808567
0.856931
0.893519
0.684234
0.758452
0.795614
0.714006
0.633115
0.621645
0.545639
0.485010
0.465492
0.420551
0.448692
0.457109
0.402930
0.272680
0.366726
0.248872
0.286673
0.275497
0.296405
0.195749
0.127319
0.253283
0.207461
0.165444
0.143028
0.217329
0.181791
0.160766
0.223292
0.157548
0.210565
0.331325
0.260051
0.215640
0.257612
0.309939
0.285912
0.259032
0.277851
0.300166
0.346664
0.331578
0.284827
0.270331
0.255905
0.184531
0.129653
0.112898
0.095538
0.128039
0.089871
0.000708
0.046153
-0.110726
-0.002108
-0.121782
-0.064109
-0.167590
-0.144744
-0.193765
-0.174886
-0.319559
-0.207332
-0.355367
-0.375761
-0.350736
-0.422977
-0.416543
-0.428866
-0.390452
-0.497990
-0.472678
-0.352228
-0.397496
-0.464772
-0.386289
-0.372894
-0.334886
-0.385111
-0.327012
-0.222175
-0.256582
-0.208159
-0.162998
-0.245231
-0.087304
-0.144032
-0.132316
-0.070764
-0.063011
-0.140810
-0.192721
-0.127912
-0.007606
-0.034527
-0.057462
0.000409
-0.013027
-0.054364
-0.033452
-0.112469
-0.019244
-0.030231
-0.163058
-0.094458
-0.200796
-0.065008
-0.165302
-0.100779
-0.076587
-0.136945
-0.144633
-0.200591
-0.148112
-0.150569
-0.109626
-0.201748
-0.207649
-0.148672
-0.073242
-0.110033
-0.073448
-0.012995
-0.075618
-0.006812
0.121732
0.122199
0.078133
0.136224
0.148763
0.193013
0.238916
0.263137
0.287603
0.415651
0.411310
0.507303
0.546711
0.581623
0.591618
0.433631
0.626395
0.653189
0.604687
0.671606
0.721385
0.610664
0.648983
0.723931
0.741304
0.628471
0.623393
0.552929
0.677505
0.659712
0.570098
0.561117
0.605432
0.612635
0.510306
0.548707
0.576365
0.508851
0.519846
0.644977
0.495136
0.447885
0.436419
0.471291
0.482161
0.608110
0.492202
0.497266
0.544531
0.636998
0.616537
0.656151
0.692049
0.663685
0.587102
0.678211
0.759047
0.805645
0.801606
0.740144
0.735971
0.917814
0.819021
0.844619
0.910914
0.886994
0.874476
0.920584
0.876963
0.851932
0.839409
0.816941
0.769473
0.885678
0.796232
0.795223
0.680032
0.673487
0.671160
0.667312
0.633765
0.581212
0.611003
0.567444
0.553414
0.409826
0.377299
0.357299
0.384928
0.383952
0.305884
0.249197
0.274561
0.237953
0.243878
0.246614
0.141951
0.132604
0.226795
0.213383
0.206971
0.197987
0.198059
0.153003
0.193647
0.230986
0.292925
0.307775
0.330107
0.364904
0.382520
0.313073
0.313772
0.404794
0.196529
0.276824
0.211385
0.244895
0.337296
0.249678
0.261134
0.217346
0.227722
0.161620
0.098333
0.154673
0.121985
0.048851
0.063074
-0.068899
-0.066994
-0.075340
-0.152602
-0.151303
-0.169588
-0.210664
-0.337331
-0.307881
-0.343781
-0.390003
-0.365113
-0.313714
-0.478619
-0.444062
-0.402593
-0.449117
-0.407220
-0.411472
-0.367373
-0.456249
-0.435588
-0.444357
-0.281865
-0.252363
-0.338520
-0.193668
-0.343656
-0.312537
-0.156903
-0.292168
-0.143945
-0.078257
-0.129087
-0.037416
-0.075967
-0.055915
-0.089814
-0.035493
0.022911
-0.010468
0.003281
-0.046737
-0.057801
0.115227
-0.117925
0.014397
0.014473
-0.008633
0.002094
-0.177642
-0.113192
-0.188295
-0.100121
-0.177096
-0.183607
-0.195491
-0.130154
-0.140064
-0.146964
-0.178062
-0.192953
-0.157423
-0.186080
-0.134749
-0.134012
-0.133384
-0.095483
0.017798
-0.042713
0.086042
-0.022706
0.022834
0.167136
0.217266
0.218636
0.231550
0.306807
0.301660
0.371030
0.411095
0.500160
0.539233
0.479010
0.456726
0.515348
0.632063
0.650214
0.660850
0.679738
0.688824
0.681941
0.761919
0.723151
0.620542
0.739789
0.772216
0.598277
0.602342
0.724234
0.563172
0.659461
0.541695
0.602324
0.500333
0.529791
0.572006
0.532735
0.510059
0.603575
0.506044
0.485866
0.558069
0.499855
0.583338
0.481561
0.511677
0.522848
0.542720
0.576103
0.602624
0.610937
0.701699
0.635771
0.721190
0.695244
0.862264
0.786943
0.816942
0.763420
0.787709
0.956859
0.981355
0.851428
0.963263
0.915351
0.953656
0.987718
0.883866
1.026098
0.921047
0.932007
0.849704
0.861181
0.952104
0.896050
0.799993
0.840428
0.780181
0.791150
0.689869
0.583810
0.706086
0.574906
0.573670
0.502621
0.563042
0.428033
0.387201
0.421203
0.348483
0.279695
0.262459
0.329603
0.298236
0.251310
0.232243
0.171673
0.178333
0.290545
0.221367
0.153669
0.220273
0.262696
0.257731
0.290464
0.247221
0.163959
0.208019
0.293443
0.276888
0.284743
0.254939
0.364838
0.230584
0.352812
0.316944
0.293040
0.362352
0.302708
0.227907
0.227583
0.192322
0.211193
0.171895
0.113320
0.070815
0.163026
0.130561
0.036809
0.056027
0.002662
-0.023892
-0.031543
-0.144695
-0.169160
-0.276708
-0.311153
-0.258433
-0.297047
-0.316585
-0.351091
-0.336235
-0.415606
-0.392114
-0.378735
-0.392740
-0.401314
-0.413980
-0.350871
-0.393477
-0.344875
-0.340457
-0.341717
-0.353837
-0.248993
-0.309049
-0.218987
-0.152509
-0.198333
-0.136607
-0.108101
-0.009007
-0.025629
-0.061076
-0.074469
-0.073132
-0.074029
-0.028737
0.084870
-0.001593
0.008555
-0.055524
0.044118
0.033750
-0.017816
0.014101
-0.057224
-0.085457
0.022577
-0.004177
-0.065060
-0.178206
-0.041555
-0.187781
-0.113460
-0.090676
-0.123432
-0.043775
-0.261800
-0.171795
-0.085369
-0.193428
-0.052513
-0.107899
-0.127393
-0.060644
-0.073130
0.012038
-0.090848
0.033094
0.038456
-0.035718
0.053199
0.096365
0.225599
0.201245
0.343056
0.234916
0.391261
0.395015
0.387010
0.535294
0.461635
0.566483
0.429500
0.625168
0.604765
0.592653
0.666301
0.713565
0.646808
0.723590
0.669726
0.763065
0.751584
0.665689
0.728449
0.685627
0.578322
0.649726
0.691887
0.674164
0.662313
0.652015
0.634044
0.565278
0.461368
0.572814
0.530264
0.567990
0.522654
0.528366
0.524834
0.536669
0.512816
0.563833
0.545316
0.575447
0.581790
0.624877
0.559440
0.710265
0.670142
0.686884
0.775318
0.813874
0.785607
0.733459
0.822636
0.800519
0.923966
0.845582
0.767717
0.900672
0.889853
0.937806
0.978416
0.920323
0.916804
0.991062
0.888351
0.949598
0.943326
0.800701
0.803129
0.794163
0.824936
0.768269
0.747680
0.648319
0.651304
0.633071
0.578424
0.535605
0.489551
0.506019
0.422257
0.402008
0.383298
0.310245
0.268525
0.346653
0.186345
0.321581
0.347928
0.274100
0.298942
0.279667
0.264122
0.284135
0.176549
0.245368
0.197551
0.217682
0.296771
0.307757
0.255271
0.319782
0.258785
0.338254
0.296459
0.251072
0.445411
0.278141
0.337311
0.247730
0.286957
0.298002
0.327552
0.349960
0.295238
0.255813
0.239004
0.158808
0.144411
0.103408
0.076717
0.014195
-0.014485
0.045719
-0.015132
-0.091926
-0.246132
-0.161306
-0.202577
-0.228474
-0.269229
-0.262131
-0.340249
-0.281745
-0.303219
-0.290503
-0.342245
-0.351468
-0.388392
-0.354719
-0.403325
-0.414595
-0.404330
-0.368721
-0.320959
-0.291623
-0.296451
-0.285528
-0.204032
-0.247141
-0.237882
-0.093541
-0.138872
-0.072236
-0.144224
-0.171631
0.011876
-0.024198
0.002855
-0.069266
0.082701
0.010118
-0.050885
0.016258
0.014900
0.111667
0.049052
-0.004953
-0.000755
-0.066877
0.041912
-0.036779
-0.060906
0.001006
0.005384
-0.087832
-0.112602
-0.054901
-0.082556
-0.144519
-0.154593
-0.111886
-0.119350
-0.168313
-0.139638
-0.096715
-0.109805
-0.180375
-0.066826
-0.021032
-0.037028
-0.063944
-0.028166
0.056032
0.030497
0.144170
0.123909
0.169812
0.206088
0.331671
0.169083
0.369861
0.290086
0.448736
0.395877
0.477189
0.481647
0.421171
0.457686
0.638386
0.613171
0.636165
0.694436
0.674992
0.751231
0.702203
0.710469
0.736854
0.821125
0.680015
0.759590
0.675995
0.600954
0.662084
0.577108
0.649202
0.592298
0.704126
0.539614
0.599847
0.625207
0.666129
0.543827
0.488295
0.555656
0.573536
0.582595
0.528210
0.491608
0.524741
0.544786
0.477253
0.660105
0.603813
0.578403
0.626632
0.707138
0.710709
0.770490
0.688881
0.793929
0.864069
0.811052
0.835550
0.888900
0.974655
0.839118
0.921533
0.866256
0.940136
0.920419
1.003571
0.935359
0.925501
0.945879
0.892059
0.956726
0.826572
0.853125
0.824272
0.763445
0.746734
0.765938
0.676601
0.579558
0.655633
0.577660
0.465596
0.613122
0.545177
0.532813
0.332536
0.423444
0.310018
0.311168
0.301440
0.179603
0.314190
0.225768
0.266431
0.243478
0.316689
0.186211
0.175699
0.226564
0.265918
0.331687
0.233920
0.265592
0.253936
0.338779
0.296402
0.352342
0.442491
0.296585
0.374890
0.293925
0.285298
0.383929
0.423526
0.308103
0.291548
0.373439
0.257668
0.226199
0.388446
0.192656
0.156509
0.224231
0.139111
0.137534
0.090695
0.034821
-0.118639
0.025844
-0.044084
0.018512
-0.158865
-0.140551
-0.243721
-0.196568
-0.261702
-0.180017
-0.316581
-0.395406
-0.370559
-0.361634
-0.284467
-0.396261
-0.371944
-0.401563
-0.325823
-0.249653
-0.419386
-0.315711
-0.348442
-0.299573
-0.350800
-0.141541
-0.211059
-0.154951
-0.147769
-0.154548
-0.115257
-0.099150
0.006904
-0.067641
-0.130378
-0.088972
-0.025223
-0.012639
-0.030105
0.011315
0.040225
0.092387
-0.030496
0.013131
0.080425
0.085557
0.010146
-0.031754
-0.111198
-0.054397
-0.003362
-0.033535
-0.060233
-0.051674
-0.081489
-0.081365
-0.092864
-0.091690
-0.071750
-0.119550
-0.154576
-0.253641
-0.145480
-0.139289
-0.062320
0.003951
-0.055661
-0.099476
0.053933
0.030107
0.021769
0.061410
0.071133
0.101218
0.262169
0.203581
0.204047
0.305155
0.318472
0.358867
0.382272
0.462811
0.515933
0.483328
0.516768
0.648426
0.650799
0.652370
0.678540
0.652030
0.693433
0.682959
0.755488
0.703449
0.710965
0.749230
0.711594
0.683102
0.740055
0.725218
0.644388
0.613976
0.655340
0.630486
0.679937
0.512608
0.605027
0.553380
0.591112
0.546491
0.577475
0.615219
0.543664
0.516471
0.578365
0.000000
0.000000
0.000000
0.000000
0.000000
0.000000
0.000000
0.000000
0.000000
0.000000
0.000000
0.000000
0.000000
0.000000
0.000000
0.000000
0.000000
0.000000
0.000000
0.000000
0.000000
0.000000
0.000000
0.000000
0.000000
0.000000
0.000000
0.000000
0.000000
0.000000
0.000000
0.000000
0.000000
0.000000
0.000000
0.000000
0.000000
0.000000
0.000000
0.000000
0.000000
0.000000
0.000000
0.000000
0.000000
0.000000
0.000000
0.000000
0.000000
0.000000
1.000000
1.000000
1.000000
1.000000
1.000000
1.000000
1.000000
1.000000
1.000000
1.000000
1.000000
1.000000
1.000000
1.000000
1.000000
1.000000
1.000000
1.000000
1.000000
1.000000
1.000000
1.000000
1.000000
1.000000
1.000000
1.000000
1.000000
1.000000
1.000000
1.000000
1.000000
1.000000
1.000000
1.000000
1.000000
1.000000
1.000000
1.000000
1.000000
1.000000
1.000000
1.000000
1.000000
1.000000
1.000000
1.000000
1.000000
1.000000
1.000000
1.000000
