0.029244
0.102390
0.122345
0.080893
0.179854
0.187259
0.227292
0.235300
0.289005
0.363852
0.302193
0.367293
0.462624
0.375483
0.390550
0.458916
0.426596
0.419375
0.504256
0.352234
0.405862
0.380114
0.313874
0.338290
0.367106
0.278643
0.334707
0.313798
0.363035
0.316299
0.286791
0.275032
0.247817
0.239469
0.261750
0.208591
0.186401
0.243483
0.290218
0.235987
0.152944
0.326632
0.317648
0.316721
0.349042
0.401402
0.461774
0.410173
0.446318
0.569380
0.539351
0.471195
0.480880
0.682562
0.507760
0.650179
0.596753
0.658245
0.708797
0.568452
0.661915
0.738625
0.716002
0.765372
0.609660
0.619653
0.613833
0.616775
0.551694
0.529002
0.504773
0.502972
0.476586
0.401742
0.400079
0.446935
0.257404
0.339346
0.260382
0.193668
0.173984
0.097083
0.111081
-0.009847
0.064090
0.037307
0.091821
-0.013055
-0.047319
-0.054660
-0.092199
0.025964
-0.032532
-0.008810
0.021473
-0.064704
-0.043340
-0.004561
-0.003556
-0.051357
-0.004542
-0.012374
0.038999
-0.066026
0.093609
-0.005419
0.019372
0.028938
0.040517
0.027589
0.050526
0.015743
0.125573
-0.003834
0.004368
-0.128774
-0.055645
-0.120244
-0.007991
-0.127721
-0.127795
-0.138868
-0.136094
-0.371429
-0.289710
-0.323828
-0.326898
-0.439783
-0.468628
-0.480786
-0.480938
-0.505267
-0.659832
-0.616532
-0.606548
-0.647498
-0.574775
-0.621923
-0.681499
-0.680085
-0.618319
-0.581471
-0.642628
-0.676380
-0.581419
-0.700303
-0.622237
-0.508998
-0.578349
-0.473882
-0.422402
-0.373575
-0.410833
-0.345163
-0.338242
-0.430099
-0.285583
-0.337728
-0.333487
-0.369709
-0.328628
-0.257337
-0.170977
-0.173905
-0.226597
-0.270318
-0.157033
-0.261690
-0.309502
-0.184781
-0.313644
-0.264556
-0.337610
-0.317605
-0.295684
-0.392857
-0.351361
-0.309640
-0.257485
-0.341994
-0.324659
-0.422092
-0.429910
-0.319054
-0.334065
-0.374160
-0.459029
-0.398711
-0.362886
-0.373871
-0.302019
-0.317529
-0.280398
-0.261982
-0.229635
-0.169628
-0.149056
-0.213396
-0.019459
-0.118148
-0.019709
0.048222
0.044897
0.126985
0.217679
0.263105
0.164916
0.284096
0.330767
0.232226
0.341185
0.387712
0.357488
0.414319
0.433517
0.454387
0.416752
0.365021
0.451317
0.417358
0.409240
0.481759
0.375866
0.445960
0.355356
0.369244
0.277300
0.369098
0.335443
0.234780
0.268882
0.255605
0.238997
0.290062
0.229015
0.281710
0.293777
0.336745
0.254728
0.314116
0.369744
0.278168
0.359666
0.339827
0.359552
0.379955
0.373580
0.472799
0.462414
0.553954
0.440129
0.560798
0.504943
0.609630
0.667293
0.584323
0.674051
0.586410
0.600423
0.665381
0.623296
0.728134
0.666962
0.655329
0.642248
0.707921
0.643928
0.604587
0.664819
0.644558
0.509967
0.464814
0.377148
0.334725
0.412533
0.440375
0.389787
0.373724
0.256030
0.184349
0.193900
0.155356
0.228031
0.083406
0.096438
0.064167
0.041351
-0.009523
0.001504
0.044629
-0.043716
-0.023449
-0.014229
-0.030655
-0.085869
-0.080003
0.007284
-0.073343
0.033077
-0.104144
0.001408
0.008071
0.084262
0.045779
-0.008355
0.042377
0.271196
-0.008245
0.110877
0.074970
0.047706
0.013111
0.028471
-0.033457
-0.059189
-0.038946
-0.035945
-0.094365
-0.103527
-0.110575
-0.169641
-0.156891
-0.148729
-0.185819
-0.324257
-0.313747
-0.255898
-0.404173
-0.450549
-0.485813
-0.514538
-0.529793
-0.510386
-0.591210
-0.617191
-0.627883
-0.565895
-0.661728
-0.607526
-0.606768
-0.653358
-0.653952
-0.696573
-0.573789
-0.550275
-0.562373
-0.533170
-0.412205
-0.506464
-0.441754
-0.429075
-0.482384
-0.431281
-0.418963
-0.387953
-0.428844
-0.353059
-0.297216
-0.196379
-0.285748
-0.236306
-0.292646
-0.255729
-0.237065
-0.184813
-0.305945
-0.189893
-0.235410
-0.307667
-0.282403
-0.326259
-0.299209
-0.265006
-0.265342
-0.348888
-0.419320
-0.392155
-0.350461
-0.408120
-0.358168
-0.410373
-0.297995
-0.344737
-0.435073
-0.414221
-0.381054
-0.317725
-0.472021
-0.380485
-0.395825
-0.318814
-0.277979
-0.170454
-0.324846
-0.136695
-0.198451
-0.268965
-0.083633
-0.065104
-0.075940
-0.010898
0.038680
0.125743
0.097443
0.144916
0.282124
0.187095
0.236783
0.248181
0.386309
0.310340
0.468269
0.376826
0.383069
0.444692
0.546912
0.410508
0.373564
0.455852
0.476105
0.352206
0.547092
0.411123
0.452275
0.411487
0.389436
0.344924
0.427704
0.402278
0.293817
0.451265
0.350565
0.308552
0.271903
0.289258
0.290228
0.321051
0.273797
0.333690
0.294869
0.333101
0.282592
0.346916
0.311830
0.361918
0.423664
0.436365
0.495877
0.447429
0.477253
0.562384
0.506234
0.646881
0.590096
0.613144
0.603419
0.759895
0.646170
0.649315
0.708783
0.750240
0.733276
0.743207
0.688539
0.767822
0.678015
0.617491
0.662464
0.602212
0.625389
0.556536
0.604268
0.542016
0.549138
0.453968
0.398063
0.266231
0.361678
0.342717
0.180565
0.107358
0.106385
0.144696
0.037365
0.002010
0.018905
0.028703
-0.089499
0.010666
-0.057194
-0.128782
-0.023814
-0.053171
-0.051396
-0.007546
0.044933
-0.006976
0.027239
0.031184
0.106852
0.028472
0.016657
0.015615
0.074215
-0.021458
0.058701
0.141367
0.114154
0.090480
0.097467
0.083017
0.067496
0.048494
0.021946
-0.107822
-0.063389
0.049365
-0.012057
-0.131283
-0.220789
-0.026971
-0.292915
-0.208122
-0.225016
-0.239408
-0.294799
-0.321190
-0.391033
-0.417135
-0.469744
-0.559593
-0.481244
-0.536964
-0.614260
-0.515360
-0.605233
-0.718827
-0.636818
-0.627637
-0.636637
-0.638396
-0.621710
-0.635402
-0.622488
-0.610615
-0.537074
-0.633476
-0.546285
-0.500225
-0.451656
-0.440793
-0.405193
-0.430428
-0.445953
-0.396673
-0.401345
-0.352628
-0.320294
-0.272387
-0.229427
-0.281556
-0.210162
-0.204175
-0.256182
-0.315793
-0.177737
-0.259680
-0.375534
-0.286934
-0.269219
-0.214622
-0.352244
-0.240232
-0.375543
-0.208184
-0.250833
-0.414820
-0.218569
-0.325936
-0.427324
-0.431277
-0.358081
-0.398201
-0.361779
-0.469288
-0.403900
-0.352098
-0.288062
-0.384515
-0.316000
-0.338695
-0.201778
-0.202283
-0.135644
-0.148693
-0.146542
-0.221655
-0.094243
-0.096355
0.079170
-0.011359
0.109756
0.107061
0.185865
0.122125
0.164943
0.309355
0.305462
0.311543
0.311594
0.426784
0.361268
0.409832
0.472562
0.413035
0.452452
0.461317
0.411080
0.380392
0.435036
0.465338
0.417229
0.454196
0.442822
0.390413
0.365986
0.411797
0.330651
0.377432
0.364105
0.253142
0.328222
0.327297
0.226232
0.295990
0.325469
0.346657
0.296567
0.277917
0.271215
0.295425
0.262468
0.325959
0.351315
0.395922
0.421711
0.523038
0.424975
0.456917
0.511615
0.453738
0.565884
0.602993
0.576593
0.571164
0.576652
0.748784
0.660237
0.675331
0.728058
0.564385
0.697660
0.707678
0.701679
0.616247
0.665283
0.699611
0.664788
0.647339
0.557931
0.631861
0.550484
0.431933
0.497137
0.452501
0.475368
0.326858
0.375686
0.189527
0.247448
0.151182
0.272233
0.025659
0.172483
0.117894
0.085656
-0.003130
-0.078917
0.048699
0.030571
0.045619
-0.066400
0.068407
-0.020685
0.019625
-0.031830
0.026394
0.027955
0.049893
0.015873
-0.038805
0.068513
0.089104
0.132888
0.080058
0.161436
0.048237
0.146078
0.085559
0.118790
0.027580
0.140462
0.037601
0.095448
0.043577
-0.032157
0.056653
-0.098062
-0.039458
-0.081156
-0.146179
-0.209444
-0.120683
-0.262583
-0.310796
-0.280187
-0.306367
-0.353760
-0.343221
-0.400486
-0.518988
-0.471729
-0.504436
-0.622357
-0.583979
-0.546836
-0.584428
-0.630001
-0.574208
-0.626490
-0.679877
-0.571683
-0.605618
-0.678264
-0.516179
-0.631622
-0.600977
-0.478477
-0.515426
-0.396468
-0.345617
-0.416036
-0.367435
-0.398664
-0.422898
-0.256227
-0.353758
-0.153299
-0.249846
-0.244412
-0.276301
-0.266458
-0.211406
-0.325870
-0.155076
-0.292353
-0.245670
-0.219675
-0.319281
-0.235388
-0.293016
-0.241665
-0.227962
-0.320327
-0.283251
-0.256446
-0.259291
-0.303224
-0.218686
-0.339119
-0.398562
-0.275192
-0.311100
-0.405832
-0.310676
-0.426135
-0.361795
-0.403265
-0.340255
-0.270690
-0.216718
-0.247328
-0.286439
-0.213990
-0.210110
-0.077444
-0.080029
-0.170258
0.010796
-0.053795
0.120348
0.074316
0.051443
0.108330
0.231032
0.109338
0.245708
0.278874
0.238740
0.261635
0.337155
0.437333
0.427643
0.472845
0.466176
0.473470
0.462565
0.467081
0.452925
0.476277
0.461650
0.356921
0.438851
0.472308
0.381602
0.439120
0.283651
0.420847
0.367809
0.325638
0.344934
0.392669
0.322748
0.319747
0.386505
0.400983
0.305231
0.375082
0.291737
0.373514
0.386453
0.359290
0.380101
0.403077
0.370226
0.382588
0.407850
0.447772
0.508819
0.480025
0.510015
0.513625
0.539128
0.666767
0.645804
0.642424
0.650304
0.727805
0.628585
0.707607
0.684924
0.761922
0.646578
0.729878
0.592658
0.748376
0.673853
0.680247
0.497516
0.571553
0.615442
0.387576
0.483006
0.423294
0.492552
0.419066
0.498774
0.315768
0.297923
0.269815
0.274512
0.140371
0.122376
0.156262
0.025377
0.203188
0.099172
0.105326
0.048606
0.060283
0.031226
-0.042761
0.000853
0.026318
-0.048488
0.025106
0.055479
0.015023
0.094765
-0.024972
0.035753
0.081247
0.062875
0.009487
0.043826
0.048956
0.199937
0.063067
0.086009
0.104151
0.055890
-0.020603
0.065520
0.096203
0.023265
-0.035064
0.038537
-0.050730
-0.146945
-0.048484
-0.095133
-0.219844
-0.160679
-0.296698
-0.332447
-0.242365
-0.413216
-0.341380
-0.418857
-0.342591
-0.460890
-0.493081
-0.618235
-0.504434
-0.561806
-0.626127
-0.631413
-0.630518
-0.642973
-0.564898
-0.631731
-0.572834
-0.672924
-0.534386
-0.643233
-0.488714
-0.507403
-0.494880
-0.403452
-0.411485
-0.498769
-0.479413
-0.447936
-0.355214
-0.367083
-0.298367
-0.326430
-0.252136
-0.212160
-0.342009
-0.263073
-0.212990
-0.212721
-0.180456
-0.227342
-0.177092
-0.269806
-0.166307
-0.187542
-0.202623
-0.270768
-0.244984
-0.235423
-0.179302
-0.346098
-0.315232
-0.339598
-0.386417
-0.268257
-0.357094
-0.388823
-0.449010
-0.372470
-0.339465
-0.407662
-0.306121
-0.396262
-0.343747
-0.247517
-0.229530
-0.236512
-0.318145
-0.231421
-0.256513
-0.201475
-0.020657
-0.048746
-0.039682
-0.053057
0.050606
-0.023319
0.137118
0.119289
0.209329
0.193508
0.189185
0.214189
0.360530
0.418925
0.372993
0.311184
0.399269
0.477484
0.492556
0.513200
0.457346
0.507931
0.520815
0.519755
0.437501
0.463024
0.497625
0.437934
0.507264
0.428919
0.476035
0.415932
0.442607
0.334927
0.405729
0.292402
0.380698
0.330466
0.333597
0.301701
0.403821
0.274997
0.297453
0.319932
0.384672
0.297530
0.463448
0.354284
0.330245
0.504567
0.494662
0.446887
0.443117
0.509449
0.559339
0.561131
0.479330
0.567368
0.521170
0.705398
0.648969
0.692122
0.611467
0.713486
0.643084
0.652329
0.752186
0.779547
0.735725
0.720334
0.711719
0.682529
0.766052
0.628277
0.637320
0.594503
0.588646
0.487968
0.444456
0.541235
0.431868
0.377241
0.320454
0.318387
0.280407
0.243299
0.238294
0.122266
0.105227
0.152160
0.137259
0.031211
0.069804
0.105248
0.034194
-0.075088
0.090711
-0.013259
-0.001422
-0.009325
0.005869
-0.000025
-0.034796
0.102594
0.043297
0.155941
0.113866
0.035714
0.023039
0.146613
0.001953
0.091739
0.168155
0.061053
0.007812
0.078997
0.095037
0.032429
0.167829
0.048964
0.034604
-0.040514
-0.037621
0.006801
-0.147359
-0.117509
-0.090404
-0.225515
-0.181080
-0.222488
-0.276979
-0.409718
-0.368875
-0.382595
-0.377861
-0.483642
-0.474695
-0.625641
-0.557111
-0.542543
-0.735876
-0.507143
-0.613740
-0.499876
-0.631882
-0.559185
-0.605563
-0.651473
-0.546338
-0.446739
-0.602219
-0.543852
-0.571142
-0.462912
-0.411386
-0.421549
-0.450544
-0.364094
-0.333853
-0.299617
-0.324801
-0.280874
-0.240707
-0.148513
-0.255876
-0.198258
-0.212475
-0.324645
-0.109406
-0.137917
-0.177575
-0.218184
-0.281765
-0.175930
-0.226342
-0.191046
-0.334354
-0.251907
-0.283117
-0.257074
-0.299748
-0.248630
-0.301472
-0.273620
-0.308327
-0.323201
-0.351125
-0.382224
-0.370733
-0.274832
-0.351733
-0.267240
-0.348040
-0.323749
-0.268957
-0.249662
-0.288872
-0.218670
-0.167900
-0.236572
-0.149681
-0.094287
0.002631
-0.009917
0.030327
0.241950
0.192668
0.140425
0.161642
0.277823
0.334006
0.275859
0.328619
0.447052
0.467333
0.384703
0.478300
0.461442
0.428913
0.498329
0.542010
0.473498
0.552510
0.584211
0.511502
0.462986
0.438184
0.352094
0.493006
0.277880
0.398385
0.414423
0.381381
0.421594
0.385659
0.418089
0.274902
0.315867
0.372513
0.460319
0.303906
0.405997
0.330701
0.351689
0.322386
0.348403
0.391682
0.413607
0.404810
0.514059
0.383787
0.582248
0.511768
0.540757
0.636252
0.635184
0.576765
0.545743
0.684386
0.686219
0.589272
0.742266
0.692025
0.699841
0.782759
0.785972
0.698927
0.736387
0.760799
0.615478
0.728527
0.695211
0.665315
0.629219
0.644877
0.602040
0.542037
0.583824
0.554397
0.505127
0.459714
0.395299
0.309197
0.331258
0.265421
0.272374
0.224766
0.187067
0.082247
0.229888
0.150961
0.142280
0.051539
0.111313
0.045035
0.020315
-0.090767
0.089972
0.028291
0.015141
0.082762
0.127785
0.041480
0.091363
0.011244
0.087035
0.055323
0.171209
0.193779
-0.044841
0.092447
0.081768
0.105458
0.091174
0.126101
0.167880
0.114807
0.132716
0.169321
0.046978
0.002379
-0.023594
-0.059638
-0.074173
-0.025132
-0.058726
-0.095945
-0.153941
-0.195707
-0.271844
-0.375020
-0.391701
-0.350801
-0.429887
-0.397075
-0.318592
-0.465404
-0.541089
-0.513950
-0.662858
-0.567936
-0.540295
-0.552973
-0.619119
-0.595750
-0.566179
-0.628430
-0.521168
-0.667389
-0.607828
-0.522178
-0.510812
-0.430489
-0.517203
-0.503499
-0.421996
-0.282384
-0.413632
-0.280531
-0.383022
-0.246670
-0.272813
-0.253226
-0.243529
-0.309004
-0.258024
-0.165274
-0.166390
-0.181412
-0.192605
-0.141403
-0.240183
-0.059970
-0.247048
-0.162800
-0.157552
-0.175934
-0.299887
-0.282274
-0.265554
-0.283192
-0.232144
-0.292805
-0.289196
-0.314595
-0.263346
-0.309510
-0.340736
-0.305792
-0.398413
-0.313641
-0.305046
-0.307366
-0.305020
-0.339333
-0.213278
-0.208600
-0.171231
-0.183528
-0.139949
-0.137535
-0.056472
-0.001241
0.005908
-0.020696
0.000674
0.198772
0.187870
0.216293
0.241627
0.188461
0.230758
0.391205
0.325339
0.365310
0.339013
0.439426
0.522909
0.412975
0.620914
0.539223
0.588114
0.470469
0.440924
0.518110
0.408283
0.587409
0.490885
0.490794
0.452907
0.452128
0.440910
0.444244
0.400567
0.375005
0.431436
0.430073
0.381603
0.372381
0.307786
0.397984
0.420427
0.315856
0.397327
0.299213
0.364233
0.319771
0.439879
0.360171
0.425696
0.382927
0.501726
0.448900
0.543911
0.573719
0.588144
0.526792
0.669822
0.655892
0.656161
0.637200
0.729906
0.631540
0.724457
0.729164
0.680861
0.758730
0.746804
0.826634
0.747146
0.780482
0.744578
0.665460
0.725923
0.614838
0.614038
0.538705
0.619122
0.443167
0.534068
0.427437
0.339644
0.382262
0.420792
0.344107
0.187553
0.239930
0.282947
0.220608
0.116161
0.062821
0.114780
0.054751
0.158872
0.144676
0.031913
-0.068452
0.048750
0.016560
0.050221
0.073573
0.109414
0.025466
0.141325
0.071338
0.021299
0.015713
0.127150
0.072498
0.070793
0.200236
0.204442
0.127040
0.039772
0.160515
0.116810
0.204629
-0.026354
0.092528
0.073494
0.059963
-0.020383
0.055996
-0.020405
-0.013340
-0.070580
0.004872
-0.088680
-0.150466
-0.280095
-0.282739
-0.365042
-0.349322
-0.361012
-0.484043
-0.429309
-0.401562
-0.422146
-0.515251
-0.510535
-0.534441
-0.596796
-0.611324
-0.615829
-0.463704
-0.579706
-0.553649
-0.532519
-0.548873
-0.537481
-0.450706
-0.479312
-0.485367
-0.482632
-0.517965
-0.264796
-0.382693
-0.290493
-0.356658
-0.259394
-0.239103
-0.372584
-0.218802
-0.168669
-0.241823
-0.125845
-0.178343
-0.129833
-0.170763
-0.105541
-0.198563
-0.146617
-0.058252
-0.109054
-0.116331
-0.235027
-0.082735
-0.210254
-0.229437
-0.237348
-0.279618
-0.247543
-0.390370
-0.439606
-0.316063
-0.266780
-0.366428
-0.368302
-0.382851
-0.352550
-0.397492
-0.309755
-0.307689
-0.251137
-0.272311
-0.260947
-0.209586
-0.210396
-0.064472
-0.162069
-0.080464
-0.043701
0.023894
-0.068348
0.083317
0.066990
0.037209
0.129252
0.250141
0.227079
0.234987
0.403979
0.371828
0.452578
0.447856
0.364887
0.518773
0.469627
0.520835
0.450279
0.489200
0.509200
0.439545
0.490240
0.446604
0.517313
0.524016
0.517854
0.437230
0.447445
0.442881
0.535723
0.436161
0.379763
0.358678
0.431599
0.453972
0.347151
0.326099
0.387121
0.267603
0.417898
0.305030
0.336498
0.314304
0.371568
0.389681
0.371288
0.518555
0.404611
0.474879
0.517038
0.457648
0.490357
0.455916
0.583943
0.627036
0.660146
0.662169
0.598760
0.734988
0.722466
0.748006
0.693993
0.728333
0.784070
0.720618
0.822411
0.795832
0.738743
0.684689
0.704179
0.711234
0.725057
0.611151
0.548072
0.627330
0.558690
0.612149
0.530838
0.417975
0.393022
0.410836
0.256973
0.315397
0.233862
0.280222
0.179113
0.179297
0.093689
0.201393
0.098427
0.080873
0.104040
0.084274
0.091153
0.039263
0.112826
0.111685
-0.019724
0.223745
0.060688
0.170779
0.119995
0.116612
0.110930
0.137311
0.141194
0.050503
0.115034
0.112123
0.139557
0.116558
0.139555
0.128604
0.087830
0.152744
0.210333
0.086267
0.073573
0.108481
0.053299
-0.027090
0.010859
-0.032174
0.010869
-0.071933
-0.145634
-0.158593
-0.221054
-0.114278
-0.317817
-0.381948
-0.386583
-0.349720
-0.427405
-0.455012
-0.396913
-0.513439
-0.576690
-0.596372
-0.559146
-0.547521
-0.537735
-0.531788
-0.500162
-0.538764
-0.476616
-0.580196
-0.495272
-0.451892
-0.574197
-0.495096
-0.491607
-0.378843
-0.344137
-0.404778
-0.197428
-0.360350
-0.162438
-0.243782
-0.294069
-0.221906
-0.191855
-0.188804
-0.176516
-0.247823
-0.140859
-0.146980
-0.163004
-0.159561
-0.226836
-0.159467
-0.131289
-0.125275
-0.147800
-0.195666
-0.145353
-0.282855
-0.248626
-0.365779
-0.255318
-0.205671
-0.300452
-0.237468
-0.350100
-0.287074
-0.326390
-0.254799
-0.277361
-0.327530
-0.244307
-0.345218
-0.286494
-0.231778
-0.264851
-0.267348
-0.186358
-0.179433
-0.191116
-0.071623
0.041012
0.002178
0.008227
0.062991
0.080829
0.098954
0.204463
0.250311
0.208924
0.264280
0.384792
0.370554
0.500783
0.433238
0.450397
0.444207
0.405247
0.588389
0.508712
0.453369
0.517969
0.483459
0.538932
0.553108
0.530235
0.524183
0.404236
0.437770
0.411871
0.435592
0.459274
0.425885
0.389484
0.391384
0.316226
0.314365
0.373596
0.326844
0.342526
0.350581
0.327223
0.375152
0.432694
0.382004
0.364129
0.411409
0.433026
0.445443
0.398387
0.600128
0.450468
0.519817
0.491557
0.534261
0.498979
0.650260
0.695431
0.654739
0.770549
0.776326
0.786825
0.852140
0.753640
0.753753
0.807508
0.873936
0.682572
0.670256
0.692908
0.823221
0.728499
0.646999
0.698135
0.729945
0.734629
0.581015
0.514764
0.614573
0.561229
0.449912
0.476736
0.351567
0.345427
0.347991
0.355691
0.319809
0.161897
0.208842
0.255080
0.120982
0.227985
0.051083
0.157165
0.043544
0.103579
0.041768
0.065001
-0.065947
0.020379
0.031271
0.086467
0.034886
0.073636
0.117856
0.091724
0.170273
0.037036
0.225196
0.085856
0.153348
0.120717
0.128012
0.126986
0.160422
0.141957
0.049467
0.124100
0.036330
0.028361
0.130892
-0.017849
-0.075959
-0.026328
0.003274
-0.144537
-0.063634
-0.120071
-0.136581
-0.197755
-0.224540
-0.307254
-0.283784
-0.311794
-0.353943
-0.351323
-0.397527
-0.426732
-0.463110
-0.499963
-0.497345
-0.482393
-0.470255
-0.604517
-0.483799
-0.460103
-0.561762
-0.600633
-0.479433
-0.555441
-0.535994
-0.507290
-0.499552
-0.435081
-0.434156
-0.413390
-0.393206
-0.333215
-0.282076
-0.318552
-0.238192
-0.206047
-0.241607
-0.106264
-0.195354
-0.232416
-0.176293
-0.008773
-0.173316
-0.205079
-0.070430
-0.148678
-0.153986
-0.198333
-0.136986
-0.249431
-0.237591
-0.190869
-0.225052
-0.271520
-0.297383
-0.257478
-0.299430
-0.266761
-0.281887
-0.362040
-0.291037
-0.280739
-0.273552
-0.317765
-0.267210
-0.311489
-0.339228
-0.275926
-0.250122
-0.207254
-0.279780
-0.205220
-0.230315
-0.164424
-0.104079
-0.071082
-0.128968
-0.009283
0.051081
0.143800
0.251314
0.198305
0.218223
0.288735
0.304588
0.420983
0.414850
0.483172
0.495084
0.460882
0.506362
0.428132
0.502165
0.589669
0.495755
0.522062
0.558741
0.467437
0.567493
0.433040
0.479917
0.506805
0.453762
0.481942
0.486104
0.401263
0.395266
0.510974
0.424449
0.419045
0.407516
0.369503
0.293346
0.308679
0.402473
0.428413
0.383841
0.492358
0.488796
0.310207
0.460383
0.467462
0.462590
0.441208
0.510358
0.483732
0.521660
0.600880
0.642355
0.638091
0.592644
0.702287
0.664391
0.714369
0.733074
0.750921
0.800839
0.874019
0.763419
0.795389
0.781528
0.736163
0.782945
0.839510
0.655679
0.712282
0.687099
0.681143
0.554473
0.693909
0.660592
0.572744
0.535947
0.447317
0.460393
0.440356
0.394284
0.471867
0.332646
0.297478
0.323755
0.239803
0.198595
0.193858
0.138977
0.073628
0.144222
0.156909
0.119907
0.113695
0.050836
0.079245
0.033328
0.055271
0.102085
0.085512
0.120610
0.069377
0.101524
0.080879
0.137751
0.236459
0.160510
0.115922
0.226906
0.130700
0.182179
0.078404
0.095192
0.100090
0.093202
0.185898
0.111277
0.064293
0.046341
0.048713
0.029831
0.001794
0.001371
-0.032703
-0.107953
-0.216805
-0.072960
-0.103686
-0.155620
-0.218262
-0.302023
-0.392583
-0.293289
-0.387215
-0.410899
-0.504444
-0.551113
-0.480954
-0.510720
-0.539102
-0.500242
-0.569085
-0.554374
-0.601464
-0.534101
-0.517270
-0.534570
-0.503877
-0.479586
-0.421714
-0.342996
-0.478107
-0.363414
-0.422278
-0.412595
-0.269770
-0.272257
-0.291233
-0.255354
-0.279439
-0.218506
-0.137400
-0.155822
-0.111769
-0.073947
-0.094474
-0.093098
-0.114998
-0.065473
-0.162938
-0.170138
-0.117943
-0.131634
-0.188983
-0.251859
-0.188191
-0.192846
-0.154842
-0.229656
-0.198893
-0.195848
-0.196869
-0.329914
-0.247329
-0.342245
-0.346207
-0.233307
-0.253247
-0.279862
-0.258680
-0.240236
-0.264248
-0.194857
-0.249327
-0.176235
-0.156917
-0.122316
-0.063258
-0.071586
-0.118127
0.046304
-0.090153
0.050977
0.194898
0.186098
0.187341
0.167281
0.217764
0.363800
0.358713
0.396444
0.352754
0.399526
0.516486
0.504927
0.534187
0.504508
0.479389
0.543308
0.626734
0.482692
0.473130
0.511683
0.516243
0.525239
0.571218
0.617713
0.497306
0.471799
0.440775
0.511987
0.476386
0.432244
0.330770
0.431062
0.391982
0.461694
0.407802
0.330878
0.434047
0.356342
0.381174
0.425973
0.439288
0.399817
0.490412
0.397522
0.407766
0.634121
0.622730
0.545659
0.581514
0.631432
0.620201
0.637094
0.594873
0.692921
0.713198
0.799850
0.796133
0.785416
0.737438
0.877624
0.742051
0.812553
0.815808
0.735001
0.767072
0.806690
0.784479
0.752611
0.782246
0.627488
0.598988
0.697803
0.616534
0.524914
0.538986
0.419197
0.437106
0.393384
0.320093
0.399966
0.302678
0.260166
0.291250
0.208088
0.241960
0.162426
0.069043
0.097860
0.139902
0.104980
0.188806
0.164300
0.164499
0.101507
0.087376
0.058633
0.146496
0.117409
0.099796
0.139213
0.148136
0.101800
0.144041
0.258881
0.143967
0.118289
0.193764
0.196613
0.097068
0.141988
0.220656
0.157357
0.138866
0.117192
0.057199
0.118326
0.196836
0.037753
0.035482
0.044851
0.017547
-0.029528
-0.238870
-0.117614
-0.182011
-0.277586
-0.220387
-0.267542
-0.298233
-0.338391
-0.357638
-0.349825
-0.523134
-0.533197
-0.582034
-0.535924
-0.458418
-0.459770
-0.476038
-0.553999
-0.516344
-0.517501
-0.430801
-0.557337
-0.462405
-0.448466
-0.452475
-0.421416
-0.348468
-0.390754
-0.353016
-0.369419
-0.253602
-0.313962
-0.225807
-0.288137
-0.155002
-0.109273
-0.209576
-0.169183
-0.172997
-0.081469
-0.137259
-0.014150
-0.106705
-0.189853
-0.155890
-0.160907
-0.045392
-0.167618
-0.007582
-0.122341
-0.129233
-0.220282
-0.225357
-0.205234
-0.222397
-0.212316
-0.193779
-0.243938
-0.292815
-0.391131
-0.233185
-0.369882
-0.253936
-0.322254
-0.266839
-0.342225
-0.276942
-0.254424
-0.110683
-0.257933
-0.136307
-0.142274
-0.114494
-0.049711
-0.053762
0.081851
-0.003423
0.119889
0.126272
0.106565
0.137748
0.171567
0.299837
0.321755
0.336507
0.374285
0.394900
0.491204
0.504332
0.536343
0.485161
0.476958
0.519886
0.721439
0.568503
0.553743
0.451138
0.567695
0.516988
0.642135
0.463396
0.545115
0.521690
0.496309
0.462819
0.496470
0.433193
0.415133
0.441304
0.377480
0.374023
0.384139
0.451154
0.388864
0.355250
0.398177
0.439397
0.435286
0.402767
0.425145
0.513673
0.481164
0.525425
0.542957
0.523530
0.540497
0.508598
0.578162
0.704845
0.687525
0.712007
0.623231
0.735767
0.707983
0.747996
0.770661
0.756179
0.803986
0.830881
0.825554
0.817199
0.689197
0.827179
0.718258
0.772415
0.723120
0.768265
0.702395
0.689198
0.602382
0.598499
0.517230
0.587193
0.552404
0.448766
0.442593
0.429798
0.328783
0.354925
0.345388
0.350312
0.198042
0.231235
0.187002
0.132540
0.116443
0.115516
0.154247
0.166252
0.062694
0.034811
0.129669
0.174259
0.107163
0.176293
0.133065
0.157164
0.185116
0.161784
0.188145
0.237764
0.148574
0.123481
0.241586
0.124661
0.189243
0.192320
0.210363
0.126484
0.193301
0.143883
0.264234
0.061565
0.136538
0.091774
0.021734
0.090648
-0.070625
-0.023565
-0.096636
-0.167779
0.003200
-0.188875
-0.243397
-0.283888
-0.260623
-0.295680
-0.290532
-0.359549
-0.372185
-0.451831
-0.382671
-0.429240
-0.513101
-0.473448
-0.389284
-0.476166
-0.519389
-0.501429
-0.534606
-0.508188
-0.545308
-0.526376
-0.470301
-0.480318
-0.397487
-0.394260
-0.311641
-0.369990
-0.295916
-0.226525
-0.287263
-0.305295
-0.267860
-0.211771
-0.176887
-0.104571
-0.118113
-0.096308
-0.153848
-0.084957
-0.163315
-0.148834
-0.040658
-0.178130
-0.055359
-0.103798
-0.088912
-0.204742
-0.215908
-0.210245
-0.134673
-0.151246
-0.174144
-0.225097
-0.292393
-0.253966
-0.325170
-0.281256
-0.274699
-0.347063
-0.257861
-0.222539
-0.275272
-0.220391
-0.129165
-0.288132
-0.237925
-0.116066
-0.237563
-0.076826
-0.182305
0.001872
-0.098485
0.085116
-0.002639
0.118724
0.121528
0.113545
0.198589
0.238938
0.283840
0.308007
0.357491
0.440096
0.475905
0.512011
0.489343
0.489702
0.472600
0.599070
0.557039
0.525140
0.575088
0.637057
0.568604
0.588073
0.517832
0.565375
0.623434
0.493977
0.604068
0.464543
0.565509
0.525563
0.508745
0.531795
0.364390
0.387994
0.434856
0.393114
0.442244
0.359430
0.369134
0.487288
0.472340
0.309456
0.375448
0.457864
0.529081
0.437476
0.427873
0.590004
0.502442
0.592991
0.576665
0.660669
0.615545
0.665958
0.560795
0.734637
0.811568
0.705155
0.791322
0.711055
0.820154
0.819776
0.881934
0.809495
0.768128
0.820553
0.865624
0.808444
0.760076
0.732702
0.741373
0.805945
0.680775
0.693644
0.580660
0.568721
0.597242
0.472570
0.450473
0.521829
0.508953
0.413839
0.300489
0.304869
0.366507
0.301063
0.366967
0.114511
0.200312
0.184669
0.131311
0.113121
0.196084
0.097962
0.139236
0.027131
0.137426
0.025746
0.115392
0.049707
0.193538
0.166826
0.133529
0.154326
0.129303
0.131742
0.242422
0.172884
0.154852
0.151844
0.150568
0.204685
0.231178
0.223421
0.175856
0.232227
0.187760
0.125241
0.096505
0.201155
-0.017590
0.023074
-0.056646
-0.021115
-0.033343
-0.111018
1.125566
-0.364232
-0.932110
0.464177
-1.220621
-0.393139
-0.563680
-0.877088
0.238145
-0.737855
-0.118627
-0.691005
0.323793
-0.118433
0.051274
0.392065
1.133836
-0.635045
-0.765797
-0.248911
0.212325
-0.311047
0.084954
-0.238965
0.592373
-1.092030
0.163524
0.419918
-0.186202
0.004024
-0.254252
-0.237496
-0.096452
-0.438801
-1.029089
-0.420634
0.149304
0.581348
-0.622432
-0.183554
-0.105254
-0.675144
-0.496463
-1.295053
-0.265894
0.957473
-1.062398
-0.090800
0.117111
0.322569
0.042714
-0.010302
-0.910411
-0.076046
0.419114
-0.868613
1.237319
-0.213088
-0.168888
-0.399631
-0.762517
0.015510
-0.078513
0.267759
-0.190579
-0.209879
-0.245974
-0.081541
-0.110455
-0.203265
-0.182064
-0.125712
-0.058179
-0.014581
0.060898
0.101888
0.110310
0.143493
0.151821
0.225301
0.340818
0.379139
0.368344
0.439699
0.501124
0.455441
0.502069
0.506100
0.516638
0.469648
0.599883
0.530629
0.507817
0.625864
0.590662
0.590681
0.507462
0.615435
0.584299
0.617300
0.527724
0.460090
0.519927
0.528988
0.509155
0.469971
0.419436
0.429250
0.469163
0.411486
0.436427
0.471385
0.371910
0.408989
0.359337
0.472230
0.455711
0.487155
0.479756
0.492402
0.457607
0.525647
0.574115
0.601199
0.629130
0.612428
0.585472
0.632232
0.608327
0.634079
0.688469
0.749311
0.799205
0.809014
0.710981
0.770258
0.821664
0.785543
0.789416
0.881506
0.894845
0.758549
0.741082
0.796476
0.703484
0.767102
0.760788
0.586565
0.643453
0.621870
0.620130
0.616606
0.449136
0.487787
0.351379
0.390307
0.347528
0.355551
0.365363
0.311792
0.182299
0.157832
0.140977
0.226527
0.136792
0.119510
0.005460
0.112702
0.223274
-0.007244
0.169455
0.023978
0.071347
0.047124
0.160233
0.124897
0.203687
0.233254
0.090835
0.234786
0.165702
0.106693
0.205763
0.196197
0.148629
0.126673
0.181950
0.175304
0.200695
0.206008
0.267935
0.140345
0.128955
0.126661
0.085363
-0.002167
0.038914
-0.061196
-0.057250
-0.020872
-0.167375
-0.166264
-0.134315
-0.236106
-0.244777
-0.315517
-0.360082
-0.340735
-0.404601
-0.330250
-0.424610
-0.471471
-0.407754
-0.530196
-0.448228
-0.414563
-0.540570
-0.489574
-0.610463
-0.431867
-0.486659
-0.368201
-0.454476
-0.439796
-0.281127
-0.446316
-0.362434
-0.339777
-0.203969
-0.230089
-0.330430
-0.229566
-0.204186
-0.197837
-0.107160
-0.105640
-0.109208
-0.240779
0.032106
-0.136733
-0.079800
-0.097318
-0.123311
-0.061266
-0.067101
-0.146758
-0.193962
-0.086691
-0.111059
-0.181676
-0.168929
-0.106782
-0.229361
-0.138417
-0.229496
-0.286405
-0.157908
-0.294729
-0.286228
-0.287125
-0.302485
-0.135397
-0.247653
-0.234780
-0.211126
-0.209820
-0.116203
-0.146497
-0.152318
-0.060581
-0.034511
-0.079484
-0.063598
0.031978
0.011344
0.139656
0.154401
0.197253
0.249450
0.293604
0.288225
0.329414
0.323734
0.364315
0.471377
0.439838
0.520739
0.549880
0.550047
0.623096
0.580679
0.610351
0.643914
0.651436
0.700716
0.673169
0.678319
0.620259
0.528020
0.634021
0.612483
0.550321
0.492593
0.584347
0.467200
0.437925
0.419371
0.483340
0.406620
0.503748
0.474849
0.456327
0.427101
0.410414
0.503324
0.488634
0.409607
0.504805
0.405572
0.550071
0.540280
0.533791
0.557511
0.590149
0.636148
0.646479
0.686312
0.638231
0.712210
0.784916
0.750950
0.767890
0.754471
0.824001
0.734024
0.802551
0.866078
0.936571
0.859539
0.825941
0.800077
0.718460
0.795748
0.818225
0.816653
0.722499
0.717780
0.676491
0.724583
0.597308
0.662744
0.641366
0.544133
0.534682
0.402680
0.450320
0.334999
0.378463
0.264239
0.289227
0.279060
0.193053
0.221639
0.247577
0.105616
0.106793
0.152481
0.130801
0.031586
0.186118
0.030668
0.052010
0.075540
0.186929
0.119217
0.165682
0.095700
0.203067
0.254845
0.211885
0.171915
0.167757
0.136105
0.216799
0.153369
0.246773
0.321476
0.273629
0.144165
0.232976
0.182947
0.154942
0.139797
0.071644
0.114041
0.045933
0.017700
-0.041450
-0.036596
-0.101295
-0.130823
-0.076582
-0.164594
-0.291988
-0.206666
-0.353611
-0.353219
-0.257497
-0.350455
-0.358267
-0.424981
-0.439447
-0.444883
-0.510977
-0.443241
-0.569304
-0.517934
-0.395035
-0.585314
-0.491783
-0.483131
-0.405595
-0.514018
-0.411732
-0.361343
-0.349601
-0.414611
-0.376072
-0.244079
-0.207510
-0.224485
-0.190993
-0.233503
-0.173649
-0.068243
-0.104131
-0.089649
-0.094108
-0.110312
-0.059215
-0.086196
-0.051010
-0.075573
-0.061171
0.010891
-0.126645
-0.039841
-0.022935
-0.139699
-0.107819
-0.138653
-0.160839
-0.099111
-0.206475
-0.217567
-0.254946
-0.302157
-0.255018
-0.275303
-0.337574
-0.195889
-0.240360
-0.182136
-0.211587
-0.174841
-0.171870
-0.172888
-0.182842
-0.131140
-0.012865
-0.062167
-0.178418
0.045533
0.202050
0.138266
0.162519
0.078915
0.211457
0.150234
0.316834
0.309389
0.295294
0.348883
0.442540
0.497501
0.397925
0.589836
0.498204
0.557795
0.512578
0.610559
0.655398
0.575552
0.632445
0.611366
0.611972
0.636915
0.617022
0.586919
0.504804
0.579469
0.512740
0.597863
0.431631
0.488714
0.553874
0.517305
0.456289
0.492474
0.467934
0.464409
0.468660
0.482298
0.487205
0.444118
0.370397
0.561764
0.537080
0.548175
0.498561
0.504445
0.471089
0.609464
0.702401
0.539133
0.628453
0.666646
0.740004
0.647483
0.774011
0.710756
0.740547
0.737172
0.813243
0.863706
0.833152
0.827455
0.952607
0.787410
0.838284
0.891417
0.854991
0.757942
0.828307
0.749937
0.785689
0.764245
0.696753
0.718531
0.637767
0.649377
0.621319
0.586342
0.532706
0.545993
0.477173
0.454722
0.330316
0.279720
0.339877
0.375422
0.178877
0.232752
0.234706
0.196952
0.164751
0.253469
0.170001
0.102834
0.172056
0.199200
0.159669
0.192827
0.140233
0.125491
0.235338
0.138295
0.205106
0.147578
0.157509
0.289646
0.136996
0.195489
0.220035
0.199282
0.238274
0.179787
0.363489
0.271844
0.205778
0.187123
0.287911
0.233996
0.148553
0.123171
0.079371
0.040424
0.082117
-0.041472
2.782135
2.734549
2.710296
2.675670
2.611429
2.523711
2.502795
2.488258
2.451773
2.402017
2.449695
2.368092
2.369178
2.402013
2.368750
2.320602
2.286704
2.271605
2.447825
2.280400
2.303419
2.340336
2.340671
2.380968
2.418766
2.483656
2.386437
2.476245
2.453095
2.609444
2.502115
2.532261
2.496447
2.531749
2.607751
2.565425
2.629423
2.599608
2.663519
2.731539
2.787316
2.743355
2.747432
2.739312
2.752030
2.686763
2.681400
2.632360
2.634136
2.608805
2.749349
2.662130
2.663161
2.580817
2.644593
2.594636
2.618230
2.669004
2.581557
2.577811
2.656697
2.592060
2.522419
-0.223261
-0.177588
-0.234515
-0.237112
-0.269436
-0.119630
-0.086693
-0.071423
-0.066246
-0.085323
-0.010937
0.102230
0.096811
0.100317
0.223311
0.131653
0.307584
0.321967
0.370883
0.327272
0.365428
0.484937
0.405820
0.471109
0.537712
0.466158
0.477905
0.634993
0.616269
0.650125
0.563139
0.651700
0.612823
0.657505
0.609928
0.644708
0.711523
0.592321
0.590267
0.534222
0.609402
0.578869
0.484445
0.532040
0.471441
0.408492
0.411796
0.428286
0.470855
0.442825
0.436926
0.528971
0.373452
0.548102
0.494996
0.528983
0.608709
0.548004
0.569155
0.681509
0.553776
0.565661
0.000000
0.799816
-0.034295
-0.798346
0.068526
0.795407
-0.102632
-0.791007
0.136549
0.785152
-0.170215
-0.777853
0.203568
0.769125
-0.236546
-0.758982
0.269090
0.747444
-0.301139
-0.734531
0.332635
0.720269
-0.363519
-0.704682
0.393734
0.687799
-0.423226
-0.669652
0.451939
0.650274
-0.479822
-0.629700
0.506822
0.607968
-0.532891
-0.585119
0.557980
0.561193
-0.582043
-0.536236
0.605035
0.510294
-0.626916
-0.483413
0.647644
0.455643
-0.667181
-0.427035
0.685491
0.397643
-0.702542
-0.367519
0.718300
0.336719
-0.732738
-0.305301
0.745829
0.273321
-0.757548
-0.240839
0.767875
0.207914
-0.776790
-0.174606
0.784277
0.140978
-0.790322
-0.107090
0.794914
0.073006
-0.798044
-0.038787
0.799707
0.004497
-0.799900
0.029801
0.798622
-0.064045
-0.159844
-0.165309
-0.235348
-0.227062
-0.238844
-0.305081
-0.339024
-0.356124
-0.454470
-0.363943
-0.384423
-0.432868
-0.457648
-0.492528
-0.445578
-0.454013
-0.434673
-0.459076
-0.413149
-0.485553
-0.376330
-0.388701
-0.378031
-0.342385
-0.331637
-0.273550
-0.333196
-0.270536
-0.231528
-0.185683
-0.225034
-0.096890
-0.132432
-0.076374
-0.023844
-0.113869
-0.118550
-0.194305
0.038721
-0.142051
-0.031382
-0.054032
-0.189673
0.040957
-0.101283
-0.044492
-0.027190
-0.044719
-0.104666
-0.175896
-0.137723
-0.190205
-0.086324
-0.201507
-0.283397
-0.248928
-0.129821
-0.127321
-0.283049
-0.264750
-0.160793
-0.216417
-0.226498
-0.167537
-0.081535
-0.049049
-0.078254
-0.062262
-0.010402
0.005004
-0.027124
-0.066050
0.195189
0.210264
0.213708
0.229563
0.343849
0.316136
0.407542
0.435255
0.332469
0.425594
0.480252
0.428456
0.481203
0.546737
0.479606
0.669253
0.654448
0.576762
0.600870
0.687100
0.578357
0.739182
0.667360
0.586254
0.645604
0.559717
0.586398
0.614767
0.579271
0.605409
0.487631
0.540181
0.554717
0.496518
0.553133
0.512984
0.396481
0.463812
0.423120
0.438797
0.453783
0.538002
0.495400
0.533553
0.518717
0.566113
0.563043
0.637018
0.658850
0.667355
0.574860
0.733043
0.637344
0.749095
0.623954
0.793269
0.823118
0.778054
0.833077
0.853148
0.804731
0.813692
0.868192
0.817789
0.865853
0.891304
0.951647
0.850592
0.803466
0.883766
0.849564
0.829444
0.812005
0.706788
0.711154
0.636605
0.642759
0.592676
0.610185
0.483555
0.490802
0.504804
0.406898
0.426852
0.341707
0.234611
0.294240
0.228394
0.294358
0.280389
0.218946
0.179685
0.220838
0.222001
0.245502
0.171631
0.169255
0.100184
0.146209
0.265820
0.312220
0.252889
0.224705
0.221784
0.270434
0.210237
0.182443
0.230700
0.229616
0.248988
0.301986
0.202206
0.252577
0.257956
0.262379
0.345396
0.236763
0.192370
0.169511
0.182846
0.067097
0.110539
0.076418
0.002262
-0.049791
0.009314
0.060176
-0.140696
-0.111262
-0.117544
-0.196083
-0.169136
-0.164482
-0.324420
-0.378997
-0.354069
-0.409059
-0.365361
-0.436538
-0.367433
-0.462580
-0.448401
-0.554163
-0.434343
-0.402131
-0.416720
-0.288075
-0.394842
-0.375008
-0.337096
-0.368457
-0.280595
-0.285287
-0.243285
-0.351074
-0.229504
-0.248794
-0.155702
-0.135191
-0.070492
-0.019086
-0.067962
-0.097922
-0.175490
0.072083
0.023576
0.015529
-0.037320
-0.058231
-0.060828
-0.115454
-0.092905
-0.053157
-0.029983
-0.068111
-0.036980
-0.132170
-0.099635
-0.153321
-0.116573
-0.170947
-0.183368
-0.137895
-0.232169
-0.160822
-0.174457
-0.190249
-0.159560
-0.231287
-0.166818
-0.204629
-0.168297
-0.011246
-0.075344
-0.173490
-0.113458
0.018905
-0.072037
0.077452
-0.003755
0.136794
0.155981
0.230034
0.195587
0.276618
0.222771
0.326365
0.356948
0.432388
0.521833
0.512197
0.535026
0.585751
0.491882
0.518263
0.602919
0.688554
0.625071
0.600417
0.632833
0.726190
0.608766
0.606107
0.638560
0.693997
0.599898
0.559893
0.624664
0.655810
0.546724
0.498928
0.528699
0.527720
0.500322
0.514260
0.494140
0.552150
0.394274
0.522312
0.426451
0.147458
0.627880
0.406753
0.762379
0.551488
-0.509807
0.054537
0.840545
-0.259856
0.605854
1.206554
0.609321
0.865262
1.022198
0.879689
0.567317
1.309456
0.235193
0.284132
1.419579
0.439823
0.461583
0.747162
0.724585
0.959542
0.770581
1.548389
0.949608
1.838558
1.149384
0.594025
1.004611
0.900866
0.574957
1.116750
0.574804
1.572320
0.009355
0.512629
1.359814
0.389531
0.238836
0.514812
-0.250867
0.358159
0.482636
1.366792
1.137938
-0.380873
0.214737
0.558223
-0.024008
1.005270
-0.182409
0.504635
-0.112833
0.013822
0.233312
0.308890
-0.161085
0.406801
0.602905
0.427311
-0.097997
0.279039
0.214876
0.265022
0.240457
0.181612
0.261049
0.307470
0.242125
0.243972
0.262075
0.306454
0.187235
0.207414
0.223579
0.160589
0.087787
0.144420
0.079000
0.103062
0.015012
-0.026818
-0.047549
-0.032558
-0.145267
-0.104274
-0.088453
-0.173412
-0.312390
-0.319712
-0.181372
-0.305140
-0.386222
-0.370457
-0.383648
-0.418747
-0.403241
0.000000
0.654244
0.753029
0.212485
-0.508460
-0.797718
-0.409706
0.326150
0.785102
0.577495
-0.120411
-0.716087
-0.703798
-0.093979
0.595630
0.779543
0.301617
-0.432384
0.000000
0.710468
0.653175
-0.109966
-0.754273
-0.583482
0.217844
0.783759
0.502711
-0.321587
-0.798365
-0.412397
0.419224
0.797814
0.314253
-0.508903
-0.782117
-0.210143
0.588920
0.751572
0.102044
-0.657757
-0.706759
0.007992
0.714106
-0.244350
-0.215905
-0.151651
-0.214667
-0.267299
-0.189378
-0.099733
-0.210112
-0.175490
-0.100539
-0.121703
-0.055313
-0.033993
-0.068058
0.058212
0.099949
0.078094
0.107811
0.165290
0.148073
0.304743
0.347892
0.416670
0.275643
0.344624
0.485758
0.429736
0.514023
0.506967
0.580925
0.546562
0.556385
0.618021
0.631904
0.616983
0.719110
0.684717
0.637864
0.706207
0.638621
0.697205
0.638983
0.613825
0.675028
0.596220
0.553481
0.594271
0.429395
0.603896
0.581145
0.554551
0.606190
0.530324
0.416669
0.524369
0.452798
0.524869
0.456126
0.530088
0.502506
0.529202
0.549561
0.485674
0.591223
0.631911
0.797043
0.618494
0.706987
0.661244
0.795389
0.738717
0.833717
0.793779
0.878292
0.760490
0.762161
0.873378
0.833216
0.915642
0.990998
0.975673
0.957499
0.900335
0.880198
0.878712
0.908949
0.766307
0.841044
0.862573
0.794663
0.717731
0.730381
0.740387
0.650761
0.644170
0.529338
0.524770
0.445208
0.492644
0.451522
0.459036
0.234841
0.263641
0.307278
0.343700
0.313460
0.122697
0.136767
0.240487
0.246266
0.248616
0.159063
0.224989
0.225641
0.116088
0.248313
0.172707
0.157826
0.157193
0.242102
0.215623
0.203942
0.379826
0.316209
0.210188
0.337750
0.268684
0.220968
0.311368
0.302517
0.286376
0.267424
0.199220
0.265390
0.233144
0.236334
0.203682
0.158802
0.105148
0.090661
0.044104
0.058671
-0.007388
0.041692
-0.085974
-0.023526
-0.141889
-0.109022
-0.153350
-0.241381
-0.315785
-0.357167
-0.346774
-0.266537
-0.361730
-0.431195
-0.318994
-0.427139
-0.477100
-0.393384
-0.481297
-0.414987
-0.438182
-0.349582
-0.451428
-0.392141
-0.400515
-0.271933
-0.332777
-0.264643
-0.218318
-0.310601
-0.245555
-0.232827
-0.146146
-0.024605
-0.109609
-0.132501
-0.058911
-0.047718
-0.056924
0.001279
0.012548
-0.016127
-0.021173
0.020292
-0.018450
-0.093941
-0.078749
-0.018253
-0.028716
-0.189593
-0.087746
-0.045950
-0.151379
-0.136986
-0.150962
-0.166802
-0.095070
-0.076034
-0.156158
-0.222242
-0.129562
-0.141586
-0.218102
-0.106915
-0.218230
-0.193275
-0.096861
-0.092143
-0.178877
-0.024544
-0.030767
-0.101652
-0.083501
0.004124
0.099392
0.110386
0.136731
0.208875
0.245020
0.314930
0.402205
0.465515
0.497025
0.432687
0.410770
0.511162
0.547432
0.440633
0.603349
0.695654
0.672743
0.698853
0.600182
0.588807
0.684927
0.759151
0.642245
0.692541
0.676047
0.661109
0.609719
0.582955
0.612805
0.537037
0.543697
0.696436
0.442854
0.521363
0.540322
0.575812
0.488637
0.477287
0.497680
0.404698
0.545521
0.494218
0.532367
0.460249
0.477148
0.514665
0.530000
0.620303
0.632602
0.630330
0.571318
0.649492
0.694229
0.704277
0.727578
0.770402
0.809296
0.825074
0.902848
0.819469
0.856723
0.902023
0.902791
0.908668
0.925037
0.950078
0.921920
0.884108
0.910694
0.880354
0.911507
0.804978
0.865556
0.729662
0.847812
0.693548
0.683450
0.711514
0.653075
0.587871
0.592942
0.518890
0.485781
0.410066
0.538929
0.367381
0.326773
0.316605
0.312605
0.278635
0.265708
0.285043
0.282078
0.200337
0.257398
0.272513
0.256007
0.223412
0.204436
0.147521
0.269249
0.248752
0.187658
0.212697
0.222724
0.280043
0.306083
0.180152
0.285442
0.302040
0.298347
0.247758
0.270835
0.265778
0.362353
0.302911
0.242203
0.250215
0.309604
0.263959
0.195454
0.221373
0.067542
0.128541
0.007986
0.076908
0.019699
-0.015443
-0.020576
-0.124557
-0.178040
0.403073
0.221044
0.164884
-0.504402
-0.087963
-0.353639
-0.152077
-0.845976
-0.018034
-1.268307
-0.455843
-0.677626
-1.026121
-1.449314
-0.672567
-1.579165
0.163537
-0.386364
-1.099972
-0.793452
-0.055607
0.123215
-0.868925
-0.465075
-0.788666
-0.017130
-0.360060
0.555773
0.228583
-0.218774
0.318972
-0.225526
0.371895
0.416506
0.089134
-0.482104
-0.201699
0.298223
0.720033
0.262126
1.085807
-0.810418
-0.170721
0.096161
0.180333
0.899497
0.033158
-0.275425
0.089023
0.237365
-0.921293
-0.433578
-0.138893
0.751286
-0.062378
-0.504258
0.175075
-0.637317
0.026189
-0.234549
0.313945
-0.012138
-0.139143
-0.274362
-0.162858
0.012323
-0.007773
0.028282
0.150051
0.011757
0.179803
0.182134
0.141828
0.207096
0.297889
0.296819
0.406138
0.412970
0.398429
0.507057
0.530315
0.519730
0.536069
0.541978
0.610806
0.605226
0.657723
0.633207
0.715651
0.657044
0.713684
0.691096
0.624813
0.707840
0.640915
0.610269
0.703050
0.559510
0.631489
0.622209
0.562021
0.538382
0.513946
0.641568
0.533726
0.548391
0.572979
0.544606
0.540233
0.498121
0.526803
0.461631
0.435476
0.566876
0.521577
0.606918
0.707123
0.578156
0.658172
0.665765
0.770184
0.671228
0.682144
0.737142
0.725900
0.744652
0.774211
0.855566
0.849345
0.793706
0.907779
0.837040
0.932273
0.963783
1.018329
0.917609
0.886911
3.121085
3.069521
3.031512
2.968672
3.014337
2.960616
2.918844
2.986797
2.916115
2.894992
2.755673
2.730416
2.593152
2.758339
2.684946
2.622302
2.535293
2.551686
2.408175
2.464133
2.450590
2.413670
2.473500
2.443732
2.325060
2.416547
2.351601
2.364460
2.328160
2.347252
2.414242
2.393688
2.310898
2.409586
2.419157
2.352302
2.499979
2.363944
2.460217
2.427754
2.450137
2.454952
2.453712
2.451821
2.504621
2.366113
2.506893
2.435085
2.446015
2.419034
2.301250
2.352597
2.328696
2.340166
2.271225
2.373737
2.222933
2.209006
2.131144
2.130681
2.102448
2.018388
1.980465
1.941286
1.999033
1.937137
1.956137
1.910903
1.889531
1.887716
1.714623
1.820186
1.731939
1.710220
1.808194
1.739508
1.782362
1.753965
-0.394135
-0.400723
-0.284668
-0.387059
-0.363889
-0.230124
-0.323955
-0.219362
-0.290134
-0.238439
-0.167798
-0.097107
-0.192683
-0.175726
-0.222125
0.013543
-0.099680
-0.154875
-0.128577
0.020850
-0.035905
-0.026528
0.032494
-0.023587
-0.009428
0.059946
-0.019271
-0.049673
-0.015406
-0.120040
-0.008625
-0.051519
-0.114028
-0.057089
-0.068326
-0.161408
-0.170938
-0.098972
-0.095417
-0.214161
-0.116331
-0.232736
-0.084463
-0.111658
-0.216517
-0.028281
-0.071029
-0.059660
-0.032476
-0.084300
-0.023259
0.042408
0.028041
0.150018
0.092663
0.197045
0.208605
0.201960
0.220217
0.353730
0.356708
0.489011
0.486301
0.467731
0.565488
0.492096
0.598742
0.529690
0.619469
0.643171
0.751367
0.703421
0.627556
0.674206
0.736763
0.776267
0.702193
0.755830
0.756324
0.675978
0.628671
0.652185
0.629837
0.697021
0.687686
0.619132
0.538670
0.559045
0.542977
0.481761
0.589554
0.464153
0.612223
0.560635
0.490793
0.588339
0.481877
0.545964
0.534450
0.530888
0.614538
0.642921
0.602183
0.740677
0.675700
0.610927
0.738856
0.662240
0.704455
0.871342
0.746892
0.853619
0.815689
0.914646
0.918305
0.961627
0.943785
0.893501
0.907571
0.879162
0.896401
0.928026
0.911776
0.992502
0.884265
0.762493
0.824377
0.816916
0.858886
0.720426
0.797189
0.693003
0.645963
0.648876
0.582136
0.571580
0.528238
0.438633
0.463231
0.390526
0.456018
0.329487
0.385787
0.272575
0.239197
0.258933
0.181950
0.222327
0.216077
0.307897
0.224181
0.291715
0.197150
0.286155
0.281946
0.290387
0.260079
0.269948
0.242233
0.312206
0.261613
0.338959
0.353971
0.335502
0.318416
0.241584
0.354747
0.246929
0.288601
0.323306
0.256301
0.229250
0.325334
0.234200
0.306461
0.228998
0.167818
0.098007
0.056854
0.170989
0.052965
-0.039726
-0.033539
-0.109975
-0.093575
-0.232471
-0.174078
-0.267662
-0.311479
-0.275103
-0.295953
-0.385414
-0.265025
-0.363093
-0.383660
-0.438668
-0.376471
-0.361445
-0.360255
-0.447813
-0.324979
-0.363224
-0.351747
-0.327339
-0.368329
-0.307282
-0.272022
-0.252670
-0.288647
-0.183696
-0.160661
-0.193308
-0.024798
-0.109302
-0.085817
-0.086334
-0.094026
-0.037101
0.047497
0.104950
0.027206
0.029298
0.062886
0.068962
0.073316
0.021710
-0.048964
0.033176
0.025952
-0.015206
-0.114959
-0.057100
-0.085167
-0.017906
-0.035508
-0.116216
-0.140898
-0.157629
-0.143811
-0.099596
-0.181167
-0.101211
-0.158551
-0.157587
-0.017812
-0.060573
-0.131160
-0.138681
-0.045930
-0.086407
0.046899
0.027097
-0.023697
0.102372
0.165358
0.134506
0.109704
0.325425
0.398710
0.259525
0.379374
0.321724
0.410066
0.445489
0.459826
0.430879
0.548932
0.591167
0.592607
0.697566
0.674094
0.715585
0.640759
0.637010
0.721559
0.763905
0.705133
0.701714
0.628982
0.629812
0.623376
0.658334
0.594771
0.668351
0.584340
0.580522
0.543262
0.644531
0.526185
0.533000
0.592434
0.581369
0.481968
0.512193
0.542759
0.510484
0.646747
0.645590
0.531879
0.584038
0.670434
0.601022
0.639959
0.765488
0.638937
0.720357
0.671410
0.786551
0.792106
0.764542
0.911651
0.878472
0.851068
0.823852
0.891734
1.026581
0.888354
0.999550
1.002262
1.037069
0.947192
0.964387
0.970321
0.869248
0.817108
0.967364
0.877917
0.856977
0.761360
0.704928
0.725802
0.748728
0.708884
0.736589
0.618612
0.535629
0.472260
0.407230
0.454348
0.423591
0.466760
0.426398
0.330974
0.364536
0.260976
0.299678
0.379646
0.262167
0.176081
0.261130
0.162775
0.248385
0.352859
0.290273
0.273255
0.192094
0.256267
0.259425
0.275307
0.303519
0.296451
0.267578
0.339871
0.284339
0.366140
0.356772
0.417462
0.306877
0.371927
0.340951
0.240321
0.288770
0.309077
0.164221
0.274044
0.122464
0.207546
0.151113
0.075531
0.047830
0.072033
0.040711
-0.074436
-0.074234
-0.132541
-0.137235
-0.211213
-0.140728
-0.201084
-0.274273
-0.370360
-0.382156
-0.313774
-0.247208
-0.416806
-0.293553
-0.405740
-0.395173
-0.370465
-0.363746
-0.311332
-0.458299
-0.260026
-0.251361
-0.337302
-0.284490
-0.189429
-0.236594
-0.268931
-0.201170
-0.104258
-0.163886
-0.217306
-0.052519
-0.065280
-0.030917
0.038882
-0.060388
0.006571
0.039572
0.079277
0.110404
0.026184
-0.037228
0.099381
0.010405
-0.004363
-0.025350
-0.038534
-0.007794
-0.032994
-0.089857
-0.021007
-0.106198
-0.121703
-0.047235
-0.151077
-0.174115
-0.108611
-0.071486
-0.058584
-0.077255
-0.181985
-0.074087
-0.127436
-0.179839
-0.166534
-0.045977
-0.119314
-0.008694
-0.046763
0.081245
0.085359
0.162589
0.150498
0.210569
0.283500
0.147126
0.253153
0.424436
0.440726
0.447909
0.428555
0.462675
0.573644
0.524808
0.530664
0.632604
0.665136
0.669902
0.706125
0.749281
0.639749
0.588519
0.669070
0.740577
0.699633
0.777491
0.693372
0.754308
0.677132
0.656716
0.714754
0.664239
0.614537
0.613633
0.632487
0.600636
0.583142
0.607768
0.528337
0.591480
0.545111
0.610627
0.612433
0.571816
0.490505
0.563502
0.754085
0.595738
0.625750
0.628303
0.644318
0.680787
0.723599
0.725020
0.736188
0.748689
0.832268
0.705746
0.849093
0.879818
0.925447
0.833282
0.773288
0.934564
0.979380
0.960430
0.970397
0.902877
0.917126
0.910973
0.925533
0.916883
0.867703
0.913017
0.882836
0.802747
0.722145
0.766169
0.739114
0.724876
0.709277
0.646460
0.588804
0.677434
0.493050
0.425140
0.453297
0.452610
0.424098
0.364444
0.260311
0.351272
0.345383
0.300718
0.278274
0.347282
0.205597
0.377860
0.289399
0.269110
0.332050
0.243397
0.314943
0.249954
0.315642
0.350179
0.297991
0.193807
0.356863
0.332975
0.369178
0.303972
0.419397
0.432911
0.395981
0.380818
0.352930
0.244387
0.358478
0.342182
0.290481
0.256155
0.235284
0.204637
0.193971
0.110426
0.137117
0.095260
0.070937
0.049867
0.043859
0.030793
-0.052545
-0.125659
-0.066678
-0.106276
-0.321792
-0.317089
-0.326265
-0.225254
-0.327454
0.000000
0.000000
0.000000
0.000000
0.000000
0.000000
0.000000
0.000000
0.000000
0.000000
0.000000
0.000000
0.000000
0.000000
0.000000
0.000000
0.000000
0.000000
0.000000
0.000000
0.000000
0.000000
0.000000
0.000000
0.000000
0.000000
0.000000
0.000000
0.000000
0.000000
0.000000
0.000000
0.000000
0.000000
0.000000
0.000000
0.000000
0.000000
0.000000
0.000000
0.000000
0.000000
0.000000
0.000000
0.000000
0.000000
0.000000
0.000000
0.000000
0.000000
1.000000
1.000000
1.000000
1.000000
1.000000
1.000000
1.000000
1.000000
1.000000
1.000000
1.000000
1.000000
1.000000
1.000000
1.000000
1.000000
1.000000
1.000000
1.000000
1.000000
1.000000
1.000000
1.000000
1.000000
1.000000
1.000000
1.000000
1.000000
1.000000
1.000000
1.000000
1.000000
1.000000
1.000000
1.000000
1.000000
1.000000
1.000000
1.000000
1.000000
1.000000
1.000000
1.000000
1.000000
1.000000
1.000000
1.000000
1.000000
1.000000
1.000000
