-0.042400
0.106118
0.127445
0.152852
0.106483
0.285916
0.180265
0.304710
0.278884
0.291294
0.275540
0.421593
0.337659
0.351680
0.431887
0.457715
0.458630
0.428631
0.356791
0.421504
0.320724
0.420244
0.417264
0.389981
0.325436
0.400193
0.361880
0.216065
0.230341
0.316266
0.265339
0.224165
0.253995
0.212286
0.283883
0.255569
0.260136
0.202605
0.171583
0.289537
0.303448
0.244710
0.325448
0.290016
0.319169
0.368358
0.500358
0.467706
0.398834
0.504723
0.516241
0.545770
0.561182
0.568416
0.490699
0.567216
0.644684
0.666331
0.676935
0.679191
0.572948
0.660986
0.731119
0.532892
0.680000
0.758461
0.625616
0.617393
0.626803
0.552570
0.576661
0.382725
0.442170
0.538080
0.493657
0.428813
0.375530
0.245468
0.245245
0.271797
0.199828
0.192103
0.187523
0.101579
0.057029
0.038225
0.048213
0.031938
-0.028837
-0.110269
-0.004800
-0.042802
-0.065159
-0.048949
-0.053115
-0.141428
0.020582
0.019371
0.015681
0.084530
-0.044160
0.034641
0.070156
0.033520
0.057078
0.023389
0.085356
0.022978
0.044424
0.160278
0.113592
0.030711
-0.020403
-0.019852
0.077340
-0.020256
-0.013494
-0.106585
-0.131431
-0.119417
-0.116178
-0.088293
-0.279275
-0.324964
-0.366620
-0.279770
-0.328260
-0.491023
-0.453368
-0.488112
-0.473804
-0.585202
-0.653522
-0.650012
-0.503210
-0.583955
-0.622744
-0.643878
-0.675915
-0.651907
-0.634141
-0.623893
-0.621268
-0.685723
-0.631207
-0.549569
-0.621846
-0.539340
-0.514164
-0.492025
-0.414555
-0.469589
-0.442630
-0.425593
-0.379366
-0.394759
-0.335471
-0.334741
-0.282753
-0.319641
-0.254177
-0.263898
-0.305472
-0.238253
-0.296571
-0.163106
-0.284259
-0.105436
-0.274810
-0.126602
-0.287306
-0.261488
-0.303485
-0.304010
-0.443174
-0.366548
-0.415231
-0.369158
-0.399574
-0.474091
-0.390428
-0.382398
-0.390063
-0.426102
-0.325391
-0.400642
-0.473347
-0.400894
-0.399691
-0.292187
-0.316353
-0.346159
-0.284646
-0.242906
-0.291665
-0.148812
-0.195778
-0.092347
-0.082222
-0.052246
-0.008878
0.091472
0.039959
0.060551
0.151448
0.184241
0.146453
0.259477
0.256091
0.332234
0.404179
0.325554
0.411403
0.469917
0.406903
0.345579
0.443449
0.514633
0.492213
0.521470
0.403771
0.353598
0.416752
0.409728
0.389362
0.358629
0.319077
0.375618
0.319935
0.315700
0.246227
0.381192
0.295842
0.218561
0.199711
0.249507
0.253637
0.374249
0.288987
0.205486
0.301076
0.344715
0.344299
0.329349
0.391491
0.299002
0.429479
0.504693
0.578494
0.451797
0.570517
0.627034
0.478169
0.519516
0.538171
0.597349
0.665813
0.597393
0.691667
0.643591
0.622219
0.741629
0.692317
0.658082
0.678658
0.584967
0.628772
0.663322
0.503953
0.537897
0.523735
0.524551
0.351232
0.429452
0.323120
0.284952
0.355762
0.228035
0.244375
0.254932
0.195077
0.147764
0.113385
0.093702
0.022366
0.103462
-0.029540
0.089944
-0.047228
0.022237
0.009819
-0.020199
-0.031387
-0.000894
0.030489
0.026382
-0.089297
-0.035094
-0.036264
-0.001785
0.012562
0.013951
0.042929
0.097226
-0.011595
0.105889
0.072264
0.099526
0.102398
0.102420
0.089134
0.044080
-0.043787
0.066352
0.032670
0.012259
-0.022476
-0.014281
-0.078878
-0.097095
-0.139233
-0.141992
-0.165902
-0.320542
-0.233018
-0.349358
-0.346604
-0.410322
-0.463170
-0.474776
-0.502884
-0.485606
-0.559622
-0.650091
-0.547325
-0.612625
-0.624399
-0.652672
-0.663018
-0.549783
-0.607522
-0.637099
-0.741182
-0.679284
-0.540911
-0.566600
-0.670155
-0.563186
-0.488657
-0.509971
-0.503170
-0.451758
-0.397094
-0.349354
-0.340577
-0.337728
-0.263919
-0.344771
-0.218474
-0.320928
-0.255250
-0.280520
-0.274147
-0.273824
-0.227170
-0.150798
-0.268129
-0.212104
-0.181036
-0.280807
-0.247010
-0.377735
-0.199127
-0.272107
-0.245129
-0.320423
-0.424077
-0.281084
-0.311925
-0.439751
-0.314789
-0.466003
-0.470539
-0.306580
-0.350147
-0.385899
-0.346371
-0.379049
-0.400470
-0.366865
-0.388862
-0.358693
-0.206235
-0.243312
-0.270318
-0.112305
-0.204043
-0.088891
0.008011
-0.062387
0.076389
0.014343
0.117972
0.168322
0.282567
0.266790
0.236814
0.215467
0.272869
0.311580
0.338060
0.453782
0.407746
0.408405
0.435880
0.464956
0.428264
0.481412
0.489705
0.489548
0.526509
0.443678
0.340657
0.413545
0.333569
0.313854
0.319499
0.305272
0.375619
0.271755
0.362510
0.290225
0.363248
0.282216
0.308479
0.253647
0.344283
0.302550
0.275826
0.249648
0.288034
0.394778
0.365070
0.374481
0.292634
0.436788
0.463495
0.508039
0.459604
0.478254
0.547794
0.544794
0.483344
0.582200
0.587144
0.732222
0.705729
0.712173
0.649396
0.697110
0.667875
0.736204
0.662231
0.616195
0.634133
0.637508
0.670592
0.619518
0.642975
0.598150
0.532537
0.595586
0.520426
0.408275
0.402418
0.336274
0.366029
0.254589
0.368258
0.201881
0.257844
0.131033
0.162963
0.133005
0.120016
0.012656
0.019352
0.002841
-0.016479
-0.053379
0.058284
0.032163
-0.007436
-0.056191
-0.087211
-0.157642
0.100287
-0.010239
0.024396
0.037394
0.086256
0.009990
0.008617
0.169893
0.079338
0.046713
0.051372
-0.007650
0.149307
0.074289
-0.006368
0.159143
0.065840
0.076215
-0.018723
-0.065774
-0.071292
-0.098841
-0.117467
-0.201596
-0.187484
-0.203714
-0.185430
-0.235829
-0.286507
-0.352157
-0.376179
-0.427343
-0.452045
-0.564440
-0.503438
-0.558679
-0.575506
-0.532300
-0.610995
-0.597000
-0.746179
-0.534901
-0.595510
-0.655085
-0.627900
-0.575724
-0.720295
-0.597890
-0.582781
-0.634033
-0.535532
-0.564387
-0.545762
-0.435058
-0.571953
-0.420613
-0.450727
-0.382148
-0.373378
-0.430570
-0.364858
-0.265670
-0.337814
-0.235137
-0.274070
-0.214165
-0.185973
-0.302958
-0.200937
-0.238122
-0.174299
-0.234071
-0.203636
-0.252925
-0.244384
-0.283202
-0.259122
-0.323246
-0.282602
-0.321260
-0.248375
-0.392598
-0.358633
-0.279414
-0.318621
-0.432974
-0.340072
-0.252631
-0.412230
-0.451215
-0.435716
-0.310293
-0.435516
-0.328621
-0.293564
-0.319344
-0.256185
-0.259874
-0.174402
-0.168113
-0.123669
-0.171921
-0.037226
0.017044
0.118664
0.081376
0.055742
0.100029
0.215959
0.225447
0.352629
0.259154
0.390207
0.327177
0.362221
0.426688
0.408359
0.356677
0.411365
0.424793
0.474501
0.399925
0.474700
0.420801
0.392140
0.459240
0.376176
0.346109
0.401190
0.397692
0.267224
0.325780
0.263190
0.307249
0.239519
0.276332
0.232960
0.282184
0.207074
0.269533
0.269914
0.278767
0.340098
0.337917
0.291154
0.370121
0.448318
0.321962
0.440474
0.364628
0.365899
0.400842
0.466894
0.465969
0.451565
0.632045
0.621629
0.626622
0.565459
0.768692
0.683190
0.711859
0.746757
0.673248
0.672306
0.656561
0.777605
0.801344
0.652655
0.626580
0.708063
0.663367
0.550349
0.565677
0.537367
0.557389
0.495640
0.486348
0.396908
0.425334
0.414670
0.332583
0.255346
0.250061
0.167741
0.196966
0.110948
0.138935
0.086880
0.108970
0.091245
-0.086035
-0.017857
0.059601
0.012977
0.015790
0.029058
-0.046581
-0.038518
0.020846
0.070430
-0.031579
0.073304
0.050970
0.050844
0.030407
0.054345
0.083896
0.061275
-0.005106
0.057299
0.167194
0.015167
0.097100
0.036430
0.033320
0.101419
0.087541
0.069350
0.017810
-0.052828
-0.055408
-0.089826
-0.136669
-0.137608
-0.153208
-0.260526
-0.281254
-0.230159
-0.240499
-0.315999
-0.390618
-0.368055
-0.384079
-0.550301
-0.541222
-0.462748
-0.537428
-0.519973
-0.567362
-0.671724
-0.668178
-0.620240
-0.668985
-0.616874
-0.615768
-0.672617
-0.584751
-0.586019
-0.524837
-0.585879
-0.553935
-0.537679
-0.548140
-0.463809
-0.415034
-0.443890
-0.405389
-0.412591
-0.337863
-0.346389
-0.270390
-0.249799
-0.238715
-0.201033
-0.272683
-0.274529
-0.198221
-0.203311
-0.256687
-0.246788
-0.205620
-0.202195
-0.295705
-0.241506
-0.285041
-0.215371
-0.232867
-0.292116
-0.204150
-0.270196
-0.320281
-0.295035
-0.330594
-0.360466
-0.372795
-0.378151
-0.300134
-0.320123
-0.384760
-0.469937
-0.283445
-0.360463
-0.340707
-0.282267
-0.250898
-0.212059
-0.272738
-0.208739
-0.202265
-0.119992
0.033481
-0.044309
0.090603
0.005974
0.106762
0.115850
0.141647
0.094762
0.180639
0.406435
0.292339
0.343551
0.372116
0.384417
0.426547
0.386147
0.408462
0.481200
0.422660
0.433141
0.437118
0.359393
0.420626
0.439838
0.439143
0.384560
0.394157
0.404949
0.356316
0.316061
0.408961
0.380530
0.333111
0.281408
0.333930
0.417253
0.323587
0.230189
0.266803
0.345929
0.336383
0.348162
0.270980
0.370127
0.332212
0.424463
0.382491
0.393307
0.446535
0.389704
0.478708
0.448664
0.426240
0.624894
0.596337
0.571118
0.675143
0.563887
0.612821
0.726898
0.641185
0.750780
0.774853
0.702810
0.740633
0.849757
0.746476
0.642734
0.637158
0.759120
0.668926
0.619969
0.552387
0.607916
0.642292
0.505791
0.491611
0.374679
0.314032
0.338320
0.292153
0.283795
0.314255
0.170660
0.198230
0.148835
0.175680
0.148594
0.085501
0.017813
0.084877
0.106271
0.006184
0.027402
0.002804
0.001251
0.078270
-0.067191
0.138617
0.046073
0.005890
-0.006798
0.013041
0.005508
0.035427
0.083295
0.077698
0.126117
0.013403
0.031591
0.115755
0.031578
0.093392
0.082895
0.051079
0.060226
-0.057257
0.005028
0.078618
-0.024773
-0.056106
-0.021252
-0.184979
-0.113879
-0.133794
-0.255745
-0.144953
-0.247759
-0.308233
-0.374051
-0.369887
-0.416134
-0.508335
-0.511970
-0.530422
-0.616811
-0.518778
-0.595382
-0.601461
-0.503735
-0.575443
-0.680094
-0.582801
-0.538370
-0.538792
-0.622794
-0.697239
-0.596366
-0.486730
-0.451625
-0.551238
-0.538366
-0.379987
-0.544002
-0.386587
-0.328416
-0.405725
-0.351480
-0.364068
-0.278740
-0.218545
-0.275077
-0.233864
-0.269040
-0.294303
-0.240226
-0.146981
-0.183094
-0.199005
-0.183764
-0.225726
-0.230605
-0.220497
-0.237710
-0.238934
-0.169860
-0.202017
-0.262379
-0.288754
-0.322694
-0.253767
-0.421756
-0.321450
-0.471115
-0.372668
-0.374658
-0.451681
-0.365345
-0.415994
-0.335881
-0.378103
-0.260070
-0.370061
-0.347365
-0.270894
-0.275602
-0.168575
-0.139587
-0.215894
-0.054511
-0.087978
-0.070627
0.111142
-0.022258
0.073188
0.109475
0.185790
0.111706
0.217132
0.293999
0.299772
0.341303
0.354543
0.383657
0.505796
0.456110
0.579673
0.534088
0.539736
0.566108
0.536494
0.411450
0.466081
0.523251
0.421087
0.344542
0.384291
0.470538
0.344271
0.402493
0.379320
0.431716
0.420127
0.335706
0.351987
0.368806
0.338723
0.258791
0.274963
0.298786
0.353512
0.339299
0.322544
0.297058
0.277471
0.430601
0.358403
0.367980
0.413799
0.407287
0.514461
0.514995
0.525380
0.663095
0.595284
0.582463
0.570497
0.623800
0.558739
0.677424
0.690928
0.742003
0.664786
0.786013
0.647096
0.725435
0.789642
0.800970
0.633510
0.669066
0.673046
0.642312
0.603126
0.545173
0.582537
0.414805
0.400341
0.447632
0.497962
0.328118
0.308342
0.262641
0.282714
0.227759
0.215472
0.158260
0.099619
0.082538
0.086767
0.048506
0.084424
0.077854
0.032739
-0.056972
0.133912
0.048490
-0.012325
0.056225
-0.000467
0.030418
-0.027409
0.034999
0.037918
0.120689
0.098636
0.079163
0.123736
0.061819
0.088918
0.106615
0.097103
0.176105
0.099118
0.119496
0.054483
0.099433
0.096117
0.046493
-0.069581
0.003631
-0.061069
-0.040711
-0.002941
-0.098852
-0.139316
-0.214973
-0.281790
-0.348808
-0.366895
-0.307586
-0.394575
-0.458521
-0.450431
-0.497270
-0.390663
-0.603826
-0.604723
-0.527015
-0.590025
-0.566798
-0.626489
-0.586940
-0.538566
-0.557331
-0.572114
-0.617275
-0.576115
-0.525064
-0.525911
-0.546689
-0.567602
-0.455622
-0.406066
-0.388248
-0.404840
-0.400262
-0.315816
-0.301358
-0.318134
-0.307691
-0.293981
-0.264068
-0.215421
-0.210456
-0.232913
-0.213004
-0.291826
-0.153549
-0.269213
-0.242918
-0.281464
-0.213031
-0.183144
-0.215213
-0.243391
-0.223161
-0.281611
-0.286843
-0.239165
-0.379364
-0.292710
-0.346951
-0.383908
-0.390470
-0.293528
-0.310289
-0.400923
-0.276075
-0.377722
-0.387040
-0.407742
-0.361293
-0.358375
-0.330260
-0.248124
-0.220612
-0.242348
-0.139910
-0.113944
-0.177510
0.002179
-0.062605
-0.079270
0.051340
0.118626
0.051747
0.211926
0.232094
0.254796
0.433545
0.247932
0.462701
0.305052
0.355764
0.495696
0.504352
0.402999
0.490753
0.466513
0.392460
0.451127
0.422972
0.463336
0.520363
0.445484
0.424950
0.485458
0.468350
0.463157
0.363560
0.376761
0.430741
0.326428
0.320178
0.346438
0.361474
0.322224
0.251089
0.235327
0.275993
0.311219
0.391503
0.311464
0.308444
0.320726
0.454382
0.416431
0.419436
0.466438
0.475125
0.505718
0.404107
0.563523
0.562162
0.645842
0.514410
0.607670
0.738871
0.624560
0.723836
0.724814
0.753181
0.671802
0.743969
0.692569
0.741796
0.823500
0.690382
0.697377
0.618126
0.630094
0.682407
0.644936
0.580335
0.575192
0.569672
0.488566
0.462392
0.408284
0.417070
0.323095
0.335047
0.274558
0.271333
0.195814
0.214095
0.133881
0.155304
0.165987
0.070638
-0.000480
0.072295
0.027759
-0.002100
0.024592
0.060747
-0.028931
0.060706
0.026421
0.108802
0.017793
0.019220
0.132784
-0.040106
0.104694
0.126562
0.126488
0.179666
0.070670
0.102751
0.073615
0.166150
0.150601
0.132431
-0.017330
0.083554
0.066647
0.094888
0.157863
-0.007163
0.032205
0.033154
-0.000231
-0.157796
-0.168722
-0.193879
-0.218536
-0.265168
-0.274454
-0.306094
-0.320368
-0.390221
-0.446096
-0.393117
-0.421331
-0.522734
-0.513737
-0.525248
-0.548239
-0.626424
-0.593053
-0.535010
-0.568744
-0.685977
-0.620385
-0.664205
-0.542417
-0.547321
-0.610718
-0.481008
-0.561644
-0.487058
-0.394175
-0.445917
-0.337862
-0.272384
-0.342775
-0.317401
-0.309563
-0.332365
-0.233354
-0.199003
-0.235686
-0.148256
-0.230272
-0.102134
-0.223531
-0.177488
-0.232696
-0.188822
-0.150809
-0.263676
-0.173354
-0.117728
-0.215055
-0.347031
-0.197206
-0.148532
-0.277841
-0.278900
-0.247121
-0.257181
-0.307373
-0.418287
-0.341451
-0.420989
-0.325952
-0.289973
-0.287248
-0.356785
-0.289714
-0.413621
-0.286800
-0.324797
-0.304560
-0.188004
-0.163232
-0.136581
-0.062050
-0.032954
-0.098105
-0.022121
0.085382
0.094653
0.194499
0.325390
0.149842
0.206354
0.314751
0.330826
0.314575
0.367805
0.465395
0.332750
0.502526
0.492827
0.564523
0.453328
0.428222
0.621372
0.464890
0.450263
0.507656
0.587469
0.447413
0.462018
0.505898
0.551091
0.504899
0.367650
0.312803
0.332822
0.300916
0.359916
0.290784
0.379041
0.368881
0.345381
0.387152
0.261261
0.361598
0.343915
0.420311
0.338957
0.303455
0.478105
0.432434
0.417517
0.501088
0.474900
0.563860
0.509629
0.470493
0.531855
0.666973
0.624155
0.676411
0.719427
0.575546
0.666882
0.768733
0.732680
0.745397
0.749750
0.769334
0.760397
0.712802
0.767198
0.682463
0.665164
0.653187
0.628734
0.680721
0.608620
0.556425
0.575026
0.512996
0.392672
0.313831
0.360607
0.430441
0.217737
0.290080
0.300765
0.202679
0.193625
0.124197
0.072192
-0.020247
0.078997
0.067906
0.065991
0.021808
0.030996
0.042517
0.107343
0.010160
0.052081
0.093520
-0.057302
-0.063512
0.040378
0.095136
0.138198
0.119747
0.179775
0.156045
0.049059
0.101250
0.213819
0.116316
0.097481
0.104188
0.086847
0.086300
0.075084
0.113965
0.114251
0.098497
0.053846
0.045957
-0.018462
-0.057718
-0.090426
-0.191690
-0.116105
-0.198343
-0.201720
-0.202182
-0.175734
-0.246731
-0.314173
-0.428168
-0.484899
-0.566883
-0.408198
-0.600743
-0.559854
-0.576780
-0.553778
-0.515317
-0.519764
-0.585932
-0.611790
-0.576753
-0.635315
-0.568789
-0.545951
-0.535429
-0.471203
-0.484938
-0.477461
-0.344986
-0.399780
-0.318335
-0.360344
-0.399150
-0.341468
-0.257129
-0.312238
-0.226584
-0.247412
-0.165314
-0.220500
-0.278165
-0.204378
-0.297424
-0.251506
-0.128479
-0.182436
-0.127865
-0.263980
-0.115898
-0.199967
-0.272258
-0.286895
-0.295894
-0.375785
-0.215829
-0.288735
-0.326798
-0.322311
-0.238432
-0.342076
-0.302798
-0.359767
-0.344781
-0.385367
-0.371239
-0.345703
-0.306044
-0.219269
-0.334597
-0.284941
-0.181981
-0.225001
-0.258263
-0.126459
-0.127410
-0.103583
0.059832
-0.087477
0.057550
0.122137
0.158829
0.207549
0.102593
0.209467
0.238359
0.358632
0.326343
0.400504
0.394700
0.353571
0.448369
0.392366
0.426743
0.451599
0.480877
0.569252
0.469276
0.545143
0.595029
0.485607
0.571784
0.491778
0.505456
0.411355
0.534536
0.434705
0.400000
0.375941
0.301795
0.387623
0.361143
0.365059
0.301614
0.346907
0.374145
0.322805
0.423047
0.376012
0.383498
0.333811
0.380177
0.301212
0.450409
0.426325
0.467369
0.460230
0.548754
0.483119
0.549075
0.559774
0.559070
0.605077
0.698608
0.693262
0.751720
0.688053
0.763565
0.699594
0.690983
0.761294
0.739836
0.788716
0.748953
0.673430
0.781626
0.618626
0.668373
0.680357
0.632115
0.696608
0.575837
0.635222
0.474669
0.513320
0.470297
0.334285
0.415530
0.392194
0.256748
0.303630
0.165724
0.203647
0.174346
0.126599
0.133639
0.162538
0.083694
0.202432
0.056096
0.067913
0.090771
0.107637
0.023329
0.041568
-0.014965
0.068324
-0.004314
0.070813
0.032947
0.129895
0.150935
0.059332
0.110140
0.104048
0.121323
0.139628
0.125397
0.131953
0.093954
0.160575
0.065696
0.084119
0.002051
0.117543
0.114447
0.087988
-0.029028
-0.052667
-0.037089
-0.079096
-0.046153
-0.196765
-0.180716
-0.214154
-0.332128
-0.263499
-0.340054
-0.339505
-0.333865
-0.413166
-0.516753
-0.536478
-0.483406
-0.445100
-0.504850
-0.605919
-0.643558
-0.494000
-0.533937
-0.658463
-0.615797
-0.526019
-0.550828
-0.544797
-0.521922
-0.476403
-0.539245
-0.512429
-0.446906
-0.366089
-0.310390
-0.416093
-0.305089
-0.233693
-0.285566
-0.192208
-0.248449
-0.196732
-0.221141
-0.173212
-0.220497
-0.211931
-0.105602
-0.217921
-0.163324
-0.164101
-0.118075
-0.127460
-0.170250
-0.194800
-0.170808
-0.176087
-0.278028
-0.226983
-0.226161
-0.213438
-0.214292
-0.321025
-0.322759
-0.385197
-0.312170
-0.378050
-0.452827
-0.444718
-0.211279
-0.291923
-0.362603
-0.300143
-0.231145
-0.331245
-0.262415
-0.182424
-0.076714
-0.117305
-0.059703
-0.076888
-0.014970
0.092888
0.078163
0.086167
0.098990
0.158566
0.187606
0.376053
0.199744
0.375687
0.349312
0.425055
0.527218
0.404059
0.397839
0.420241
0.423430
0.447687
0.495721
0.549822
0.466837
0.490776
0.442220
0.530869
0.438400
0.470861
0.503665
0.461652
0.374694
0.463287
0.421547
0.465367
0.433604
0.410449
0.355059
0.441518
0.458687
0.257239
0.348529
0.366256
0.379898
0.471024
0.366366
0.395715
0.335092
0.417428
0.525132
0.387168
0.494283
0.477387
0.521847
0.589973
0.556902
0.640675
0.651419
0.632770
0.664860
0.676670
0.707147
0.727052
0.723634
0.750330
0.748986
0.680848
0.784933
0.797427
0.669798
0.736696
0.810811
0.646837
0.709635
0.644569
0.627782
0.625334
0.624087
0.510433
0.434900
0.532463
0.459350
0.473631
0.336996
0.356790
0.304740
0.323294
0.221172
0.197753
0.142596
0.206880
0.133933
0.104480
0.052497
0.016309
0.024001
0.131775
0.078452
0.104219
0.078619
-0.025189
0.125767
0.075525
0.029344
0.101492
0.140186
0.085553
0.031244
0.155678
0.133581
0.113954
0.167867
0.148940
0.055269
0.160366
0.169352
0.142166
0.165702
0.072563
0.045204
0.094454
0.064514
0.071162
0.012298
0.006644
-0.050052
-0.125498
-0.019892
-0.123735
-0.199225
-0.266510
-0.198387
-0.273261
-0.300160
-0.372206
-0.369709
-0.425084
-0.481783
-0.500504
-0.592397
-0.568931
-0.498992
-0.604494
-0.503378
-0.561483
-0.628718
-0.551264
-0.524352
-0.526730
-0.628280
-0.475711
-0.486720
-0.460267
-0.495953
-0.405966
-0.416737
-0.346400
-0.391437
-0.368055
-0.360300
-0.351404
-0.300705
-0.265501
-0.141784
-0.206755
-0.206896
-0.235719
-0.220768
-0.256910
-0.164695
-0.187812
-0.148279
-0.145050
-0.154515
-0.126155
-0.152515
-0.145320
-0.161791
-0.165766
-0.215494
-0.300499
-0.224091
-0.284362
-0.313816
-0.242703
-0.338459
-0.357436
-0.255417
-0.353711
-0.303450
-0.329992
-0.277886
-0.300723
-0.367597
-0.322055
-0.231988
-0.280967
-0.177893
-0.256449
-0.179394
-0.165407
-0.127572
-0.043230
-0.045311
-0.034722
-0.005233
0.126053
0.139289
0.140540
0.277014
0.281652
0.301521
0.254494
0.345755
0.400205
0.402490
0.465666
0.424901
0.466301
0.543977
0.576571
0.553515
0.570515
0.593418
0.548070
0.520179
0.469803
0.534034
0.492496
0.483705
0.415104
0.426235
0.469383
0.387213
0.375620
0.501762
0.433978
0.416664
0.469212
0.402061
0.493801
0.339736
0.278509
0.444149
0.353846
0.360423
0.361858
0.422058
0.451575
0.473348
0.449798
0.521227
0.433207
0.561587
0.562014
0.599154
0.633740
0.632885
0.662601
0.701991
0.588219
0.755244
0.782128
0.708629
0.670320
0.728883
0.727411
0.805098
0.800882
0.747300
0.659964
0.755591
0.693337
0.816174
0.620619
0.653346
0.614569
0.572997
0.504446
0.478627
0.427965
0.413090
0.435923
0.280006
0.243588
0.270626
0.328994
0.270196
0.235014
0.198083
0.142344
0.089877
0.078810
0.144527
0.148774
0.082944
0.176682
-0.050397
0.100785
0.081344
0.095549
0.087106
0.113951
0.114704
-0.008973
0.083740
0.101753
0.153622
0.111517
0.091486
0.256810
0.193823
0.148430
0.129036
0.199801
0.134266
0.115722
0.166316
0.152516
0.057589
0.029729
0.091151
0.098445
0.055244
0.043655
-0.048929
-0.035088
-0.094659
-0.144609
-0.073818
-0.226203
-0.290538
-0.219022
-0.234719
-0.369962
-0.420693
-0.464178
-0.358119
-0.464555
-0.530531
-0.663632
-0.602581
-0.510142
-0.533313
-0.549680
-0.577219
-0.579492
-0.578828
-0.522216
-0.516299
-0.506896
-0.507449
-0.435750
-0.446058
-0.492357
-0.325870
-0.443526
-0.370405
-0.332138
-0.361447
-0.349556
-0.295143
-0.305481
-0.255940
-0.219370
-0.205560
-0.150447
-0.261055
-0.076174
-0.101885
-0.191036
-0.090276
-0.171362
-0.281345
-0.088062
-0.233101
-0.208856
-0.274880
-0.234414
-0.241728
-0.196168
-0.211460
-0.239409
-0.396459
-0.280783
-0.249756
-0.348545
-0.350290
-0.437268
-0.270048
-0.384125
-0.266104
-0.346464
-0.187776
-0.265087
-0.212850
-0.262223
-0.122595
-0.245758
-0.171463
-0.110232
-0.045067
-0.006553
0.029498
-0.014637
0.019000
0.113038
0.137322
0.206765
0.269832
0.242743
0.298657
0.351151
0.322932
0.397599
0.385136
0.460035
0.451856
0.569552
0.525830
0.524216
0.582496
0.507159
0.451563
0.589346
0.555884
0.497542
0.566691
0.504485
0.451092
0.486119
0.449701
0.435779
0.371296
0.460934
0.364715
0.500259
0.422158
0.357827
0.346860
0.362002
0.401169
0.328318
0.334252
0.353963
0.333252
0.374843
0.456868
0.363045
0.484691
0.435975
0.450370
0.436470
0.486291
0.604974
0.620685
0.584432
0.586482
0.730689
0.690801
0.781116
0.673236
0.821531
0.809264
0.713884
0.847963
0.778437
0.643748
0.841592
0.761089
0.870220
0.721524
0.693266
0.768691
0.700536
0.645414
0.592064
0.561875
0.614830
0.519759
0.442277
0.446761
0.416821
0.407872
0.273309
0.269461
0.350278
0.339535
0.269622
0.119535
0.186978
0.135113
0.097997
0.061530
0.229413
0.131007
0.035736
0.089922
0.042238
0.044939
0.056893
-0.032091
0.178441
0.082943
0.133133
0.242184
0.063502
0.081284
0.166104
0.130039
0.190804
0.140816
0.150581
0.131315
0.176178
0.118359
0.157160
0.163847
0.138432
0.017689
0.149414
0.140446
0.080467
0.009292
0.004088
-0.070191
-0.110479
-0.190016
-0.141108
-0.195482
-0.249235
-0.256706
-0.293143
-0.381915
-0.359135
-0.303543
-0.400914
-0.404100
-0.478113
-0.518315
-0.472447
-0.439301
-0.452607
-0.575061
-0.614811
-0.582884
-0.548965
-0.578545
-0.596292
-0.473045
-0.560763
-0.477252
-0.481255
-0.444527
-0.354962
-0.434801
-0.544548
-0.405208
-0.341566
-0.321438
-0.289880
-0.333146
-0.255304
-0.197132
-0.132471
-0.092682
-0.128080
-0.135416
-0.185109
-0.041101
-0.085578
-0.230826
-0.095965
-0.210926
-0.153325
-0.154206
-0.131009
-0.236906
-0.199951
-0.198175
-0.189045
-0.243192
-0.215853
-0.226601
-0.241403
-0.317347
-0.383584
-0.258754
-0.307961
-0.196109
-0.297343
-0.411204
-0.298718
-0.263684
-0.298894
-0.157108
-0.232571
-0.119132
-0.217244
-0.114081
-0.197581
0.014745
-0.098337
-0.046573
0.047984
0.103691
0.133658
0.179969
0.209171
0.224058
0.290160
0.233408
0.259417
0.375524
0.455731
0.333525
0.503313
0.449667
0.434457
0.519100
0.479433
0.492648
0.568916
0.618510
0.555606
0.498454
0.575179
0.578599
0.466514
0.588596
0.462934
0.511157
0.429074
0.355416
0.440007
0.484848
0.345707
0.359563
0.341107
0.276689
0.432780
0.388643
0.456119
0.393914
0.390423
0.306202
0.419053
0.380858
0.482236
0.486799
0.501378
0.490739
0.554074
0.565251
0.522458
0.590674
0.659633
0.620645
0.648165
0.727307
0.629886
0.741121
0.890836
0.821432
0.735874
0.853526
0.716468
0.761876
0.804885
0.753832
0.767434
0.783446
0.716330
0.711540
0.738339
0.606777
0.595552
0.620362
0.558747
0.547591
0.402023
0.543504
0.446753
0.401344
0.362851
0.329063
0.339716
0.268220
0.227301
0.219552
0.238482
0.157692
0.149985
0.082888
0.158084
0.099475
0.126531
0.016613
0.087226
0.089598
0.031067
0.021902
0.072459
0.036439
0.112729
0.028954
0.107685
0.175090
0.209071
0.225518
0.189285
0.184157
0.147015
0.218872
0.077347
0.215463
0.206451
0.012725
0.184720
0.233830
0.164768
0.155662
0.059494
0.090010
0.089707
-0.048630
-0.004409
-0.099417
-0.147001
-0.108183
-0.130324
-0.375100
-0.260621
-0.347806
-0.362684
-0.373986
-0.296905
-0.606937
-0.500579
-0.523795
-0.505139
-0.494452
-0.606628
-0.560375
-0.594878
-0.516404
-0.523856
-0.552865
-0.501886
-0.572716
-0.509336
-0.510456
-0.463881
-0.436585
-0.380667
-0.415453
-0.386781
-0.437323
-0.264288
-0.314019
-0.337921
-0.240814
-0.178384
-0.212513
-0.209869
-0.150067
-0.146299
-0.101360
-0.195823
-0.184572
-0.141354
-0.116334
-0.098542
-0.194064
-0.115118
-0.256995
-0.058995
-0.244010
-0.179566
-0.167602
-0.270538
-0.169661
-0.250687
-0.213114
-0.253764
-0.276637
-0.251776
-0.337977
-0.214632
-0.250210
-0.256531
-0.250512
-0.263786
-0.261095
-0.382268
-0.236737
-0.232621
-0.227873
-0.148384
-0.112285
-0.069187
-0.073500
-0.052011
0.060438
0.064576
0.166191
0.163155
0.224216
0.190672
0.268775
0.281983
0.335278
0.365389
0.490506
0.378475
0.445581
0.370602
0.511048
0.476080
0.450167
0.535423
0.514648
0.578511
0.505717
0.530606
0.490094
0.519851
0.492107
0.562084
0.570712
0.525668
0.529100
0.515852
0.453502
0.492068
0.430255
0.386577
0.386271
0.348350
0.335448
0.415882
0.439155
0.336564
0.394245
0.387136
0.412204
0.419662
0.494778
0.431542
0.506794
0.452930
0.492497
0.562803
0.518447
0.518663
0.608850
0.633736
0.632569
0.645765
0.688978
0.743520
0.761470
0.746229
0.844799
0.756867
0.681568
0.953594
0.821940
0.826055
0.755716
0.718921
0.693666
0.676161
0.700630
0.744219
0.613795
0.594376
0.634970
0.584087
0.514884
0.390768
0.450884
0.462806
0.394819
0.396034
0.344548
0.213914
0.226732
0.219306
0.179624
0.179738
0.192090
0.121527
0.115223
0.182884
0.135305
0.134757
0.141027
0.113498
0.032924
0.094864
0.122802
0.057861
0.154567
0.182085
0.087369
0.178482
0.124822
0.147901
0.175052
0.220277
0.160735
0.135576
0.186949
0.155259
0.239932
0.222665
0.075181
0.186590
0.164666
0.046116
0.117256
0.132269
0.084142
0.022333
-0.003459
0.014740
-0.043866
-0.085352
-0.175399
-0.187268
-0.174652
-0.295204
-0.266631
-0.331577
-0.277038
-0.452097
-0.427842
-0.416945
-0.445565
-0.494923
-0.450508
-0.538690
-0.518062
-0.483349
-0.584016
-0.613427
-0.510829
-0.570151
-0.564338
-0.440289
-0.390973
-0.441308
-0.488215
-0.424497
-0.398153
-0.429889
-0.336258
-0.305065
-0.285980
-0.267042
-0.210085
-0.233262
-0.198335
-0.152208
-0.135392
-0.125206
-0.215330
-0.136142
-0.084275
-0.028326
-0.156386
-0.122094
-0.158229
-0.192707
-0.080892
-0.063276
-0.116950
-0.217926
-0.245674
-0.165619
-0.305741
-0.224087
-0.259720
-0.186171
-0.255321
-0.241278
-0.250377
-0.265347
-0.248586
-0.295191
-0.367053
-0.196880
-0.253352
-0.289194
-0.225330
-0.194489
-0.122514
-0.229508
-0.083615
-0.174194
-0.114284
-0.073791
-0.042257
0.104403
0.031364
0.146633
0.153434
0.197891
0.238626
0.348922
0.376643
0.349892
0.497970
0.405506
0.447613
0.546233
0.497249
0.556908
0.497039
0.607484
0.554678
0.620896
0.593684
0.518011
0.640033
0.508137
0.628136
0.483935
0.586500
0.588943
0.458785
0.499564
0.486470
0.404890
0.375746
0.369617
0.343904
0.418310
0.420572
0.348074
0.436561
0.431639
0.386326
0.485156
0.341332
0.402496
0.434130
0.426063
0.452184
0.461171
0.487826
0.542122
0.580323
0.558545
0.624837
0.655460
0.696832
0.745196
0.704981
0.721851
0.731393
0.765882
0.844623
0.760240
0.812034
0.785853
0.770889
0.838786
0.743048
0.769631
0.734292
0.779708
0.652561
0.731680
0.700877
0.650350
0.635047
0.602156
0.612936
0.494582
0.542430
0.411614
0.325454
0.349311
0.338761
0.323027
0.283474
0.250018
0.200064
0.208784
0.215585
0.161832
0.144040
0.064624
0.101214
0.032550
0.073041
0.125093
0.158889
0.104147
-0.013173
0.101325
0.182838
0.095752
0.135151
0.164917
0.247594
0.133771
0.253246
0.235431
0.240616
0.235815
0.268783
0.192915
0.247638
0.205642
0.154941
0.067724
0.208957
0.140628
0.026984
0.098471
0.041356
0.051091
0.096663
-0.059027
-0.122916
-0.048591
-0.162747
-0.107949
-0.285311
-0.242080
-0.248442
-0.284173
-0.324947
-0.260383
-0.458041
-0.525106
-0.448947
-0.438952
-0.437761
-0.537545
-0.508603
-0.570168
-0.450288
-0.533467
-0.573753
-0.497962
-0.412255
-0.525095
-0.371295
-0.527542
-0.505120
-0.400473
-0.350213
-0.318616
-0.302764
-0.184572
-0.269159
-0.297948
-0.220099
-0.142540
-0.224844
-0.221915
-0.209004
-0.149057
-0.154547
-0.055042
-0.165092
-0.135250
-0.059224
-0.026540
-0.160022
-0.086713
-0.098651
-0.148259
-0.107103
-0.003671
-0.115330
-0.219838
-0.101570
-0.203212
-0.226874
-0.187630
-0.206084
-0.179097
-0.304647
-0.306156
-0.278433
-0.324529
-0.236654
-0.328335
-0.276430
-0.213920
-0.184838
-0.142181
-0.140260
-0.157801
-0.102000
-0.139624
-0.043050
-0.032869
-0.060421
0.171934
0.093690
0.178342
0.096592
0.301239
0.277478
0.304052
0.379546
0.373158
0.330178
0.486013
0.468725
0.573104
0.437369
0.580096
0.626075
0.522819
0.553754
0.562071
0.598990
0.509236
0.442470
0.495147
0.593347
0.590642
0.553838
0.490324
0.484705
0.296182
0.032776
0.615820
0.239246
0.587070
0.480633
0.807318
0.712339
0.659833
0.252829
0.851037
0.477331
0.110818
0.217228
1.044634
-0.010274
1.028350
1.222085
1.151662
1.318981
2.058273
0.582180
0.967144
1.768361
1.835755
-0.755368
1.263017
-0.927246
0.931738
1.302106
2.463711
-0.364898
0.691545
0.241349
0.722784
1.566340
0.171695
-0.480298
0.330695
1.553337
-1.054834
2.098497
0.459181
0.743509
2.524619
1.153996
1.965689
0.952628
0.133453
-0.110286
0.648815
0.469518
0.436321
0.419859
0.282710
0.260069
0.309750
0.326983
0.236973
0.216135
0.045590
0.002057
0.163869
0.210350
0.095156
0.044661
0.117823
0.129791
0.094276
0.098533
0.192169
0.180079
0.137586
0.194714
0.217081
0.218118
0.257756
0.141882
0.117583
0.166997
0.249415
0.000000
0.702950
0.671172
-0.062119
-0.730483
-0.635342
0.123863
0.753605
0.595675
-0.184858
-0.772177
-0.552411
0.244738
0.786085
0.505812
-0.303140
-0.795247
-0.456158
0.359711
0.799607
0.403749
-0.414110
-0.799139
-0.348903
0.466009
0.793845
0.291950
-0.515093
-0.783758
-0.233234
0.561068
0.768938
0.173109
-0.603654
-0.749474
-0.111939
0.642595
0.725485
0.050094
-0.677656
-0.697116
0.012055
0.708625
0.664536
-0.074130
-0.735315
-0.627945
0.135758
0.757565
0.587561
-0.196566
-0.775241
-0.543629
0.256187
0.788235
0.496415
-0.314261
-0.796469
-0.446203
0.370437
0.799894
0.393297
-0.198072
-0.010167
-0.215748
-0.176247
-0.197410
-0.181118
-0.217921
-0.206613
-0.178989
-0.247295
-0.293791
-0.294418
-0.327957
-0.319006
-0.208488
-0.303790
-0.276115
-0.189443
-0.229554
-0.286367
-0.222774
-0.313834
-0.120168
-0.135407
-0.074331
-0.078072
-0.070515
0.131890
0.130706
0.113695
0.084702
0.194523
0.161536
0.200116
0.242073
0.278745
0.356672
0.383880
0.359143
0.512533
0.529358
0.528903
0.538997
0.531325
0.498824
0.588562
0.536979
0.438257
0.572238
0.525109
0.576887
0.554421
0.618505
0.568227
0.511246
0.609892
0.513545
0.491271
0.465921
0.539297
0.481224
0.507286
0.442358
0.464322
0.444861
0.522897
0.351912
0.316578
0.362993
0.413148
0.524890
0.401671
0.445889
0.490130
0.487674
0.496776
0.603523
0.523947
0.608333
0.579994
0.624750
0.646908
0.639762
0.744139
0.630751
0.602743
0.764743
0.800324
0.800580
0.834521
0.806711
0.823380
0.776054
0.709898
0.829380
0.724094
0.810234
0.843955
0.755436
0.858944
0.647473
0.741317
0.603619
0.598331
0.703506
0.628485
0.580255
0.433602
0.461783
0.390183
0.308172
0.330465
0.266304
0.280820
0.402617
0.214046
0.211789
0.198227
0.188132
0.195596
0.155994
0.089176
0.128250
0.158354
0.107714
0.121050
0.107745
0.173939
0.127523
0.154974
0.181461
0.227801
2.738941
2.813658
2.816917
2.831739
2.886229
2.798196
2.870711
2.773725
2.864491
2.848215
2.800934
2.767928
2.682146
2.865386
2.713620
2.629997
2.665050
2.632443
2.598023
2.534925
2.504874
2.583278
2.409484
2.374780
2.405077
2.435603
2.331401
2.232418
2.300713
2.176553
2.208211
2.100448
2.119152
2.151191
2.111549
2.083277
2.084631
2.144596
2.096462
2.165707
2.120699
-0.477682
-0.402794
-0.475756
-0.548711
-0.399103
-0.425747
-0.484776
-0.350756
-0.305553
-0.367124
-0.323003
-0.278322
-0.217372
-0.222306
-0.170948
-0.209784
-0.114716
-0.096186
-0.153586
-0.113693
-0.078924
-0.092403
-0.083354
-0.192745
-0.059789
-0.035866
-0.100755
-0.079056
-0.107358
-0.188221
-0.122604
-0.117883
-0.250113
-0.239743
-0.242887
-0.163281
-0.173257
-0.166427
-0.322898
-0.203799
-0.272961
-0.244359
-0.314901
-0.257139
-0.177593
-0.269254
-0.200821
-0.212387
-0.219462
-0.138949
-0.092183
-0.163742
-0.069366
-0.115311
0.006541
-0.029829
0.023671
0.166952
0.249813
0.278783
0.252589
0.290563
0.278164
0.328168
0.461260
0.428826
0.515748
0.497175
0.549014
0.489554
0.575042
0.568694
0.668387
0.573348
0.606002
0.597776
0.697710
0.644434
0.578577
0.454205
0.590975
0.559924
0.606514
0.569293
0.603634
0.492226
0.494412
0.392332
0.478142
0.524185
0.454682
0.467747
0.436764
0.430117
0.414247
0.439195
0.429468
0.363097
0.427238
0.539952
0.551152
0.537562
0.500845
0.598920
0.563135
0.548895
0.556509
0.681713
0.714670
0.686695
0.759472
0.727906
0.773948
0.756938
0.763838
0.886483
0.719722
0.711718
0.964290
0.924827
0.836840
0.787495
0.875813
0.877264
0.791814
0.823831
0.717115
0.769645
0.667939
0.676591
0.584383
0.546388
0.607234
0.568169
0.560098
0.387747
0.380499
0.399508
0.402854
0.287264
0.388456
0.284634
0.200275
0.210980
0.213050
0.090403
0.148211
0.164569
0.195651
0.135181
0.099253
0.145542
0.152598
0.171669
0.227021
0.172944
0.143440
0.127747
0.179026
0.166411
0.259486
0.258741
0.206851
0.078208
0.166512
0.249675
0.230224
0.271555
0.147695
0.216124
0.184095
0.143528
0.127750
0.175370
0.135745
0.138259
0.064127
0.132663
0.098945
-0.014970
-0.014349
-0.104712
-0.111617
-0.183960
-0.208563
-0.255148
-0.244612
-0.387634
-0.476973
-0.370718
-0.498602
-0.392991
-0.422814
-0.516018
-0.484932
-0.456853
-0.458961
-0.403036
-0.511106
-0.536310
-0.452386
-0.489889
-0.533763
-0.396160
-0.456144
-0.412723
-0.421997
-0.355797
-0.315066
-0.225545
-0.252448
-0.310939
-0.185367
-0.172274
-0.177092
-0.094786
-0.035161
-0.196003
-0.127330
-0.106675
-0.133411
-0.125096
-0.140097
-0.068480
-0.105313
-0.082829
-0.057213
-0.218556
-0.103481
-0.107966
-0.157417
-0.108617
-0.210337
-0.267403
-0.243944
-0.272929
-0.252376
-0.213399
-0.267923
-0.296229
-0.281207
-0.230890
-0.193598
-0.236072
-0.210884
-0.259505
-0.105068
-0.094158
-0.117741
-0.164045
-0.037626
-0.122065
-0.054971
0.012936
0.041505
-0.004274
0.096070
0.118484
0.242477
0.231957
0.275711
0.368686
0.391415
0.388301
0.408644
0.487610
0.493212
0.496613
0.502579
0.587474
0.528383
0.609161
0.542937
0.561351
0.718266
0.615320
0.562186
0.576908
0.582382
0.620516
0.594000
0.512306
0.477766
0.491040
0.520867
0.478651
0.486236
0.459321
0.437406
0.554952
0.450448
0.459830
0.470611
0.496408
0.420717
0.513146
0.448836
0.446797
0.372629
0.505839
0.471512
0.544506
0.574787
0.632831
0.573339
0.638903
0.613058
0.685748
0.689168
0.615327
0.815278
0.734233
0.829857
0.746223
0.829888
0.718081
0.797019
0.858978
0.899279
0.882158
0.818236
0.874591
0.864450
0.785225
0.816680
0.857724
0.784866
0.711758
0.771411
0.722312
0.559859
0.559031
0.526280
0.578206
0.605151
0.483919
0.427690
0.482441
0.449014
0.346482
0.313771
0.304585
0.247604
0.145757
0.183171
0.140622
2.344491
2.359890
2.310155
2.384467
2.329692
2.254562
2.373884
2.352616
2.222909
2.451681
2.353800
2.330945
2.461750
2.305452
2.428825
2.392836
2.360867
2.438340
2.378113
2.417746
2.329114
2.506326
2.414567
2.429734
2.336016
2.276350
2.319400
2.363784
2.320290
2.245034
2.259125
2.275942
2.314358
2.113886
2.176024
2.078711
2.035690
2.002315
1.985436
1.967237
1.935212
1.916167
1.913992
1.758958
1.827117
1.782012
1.821391
1.703154
1.723789
1.725967
1.658740
1.711442
1.665445
1.646174
1.790349
1.733829
1.793925
1.760977
1.794011
1.861639
1.833555
1.895943
1.960268
1.962102
1.945925
1.891308
1.995852
1.977538
2.048542
2.024934
-0.164107
-0.058151
-0.009848
-0.067631
-0.062702
-0.088572
-0.027347
-0.084221
-0.071819
-0.219041
-0.006375
-0.080711
-0.089240
-0.131801
-0.028241
-0.176583
-0.178770
-0.234764
-0.226274
-0.158741
-0.294510
-0.212637
-0.249128
-0.184074
-0.201135
-0.238728
-0.225468
-0.187637
-0.241523
-0.142779
-0.190392
-0.147632
-0.138673
-0.083154
0.011481
0.029425
-0.062371
0.023069
-0.015792
0.116846
0.193933
0.161933
0.276925
0.241749
0.249788
0.312357
0.398639
0.459007
0.358597
0.510662
0.481246
0.560616
0.508445
0.574179
0.619809
0.619211
0.636114
0.661374
0.638905
0.660558
0.596888
0.546551
0.657592
0.585199
0.601664
0.569886
0.600499
0.538817
0.511691
0.489675
0.512076
0.560600
0.431630
0.496684
0.500857
0.478009
0.557520
0.439408
0.403605
0.539549
0.438089
0.499208
0.524912
0.508835
0.500257
0.495230
0.520896
0.635182
0.541526
0.663379
0.623604
0.623356
0.722332
0.684342
0.748492
0.783104
0.818678
0.740889
0.742839
0.811361
0.905353
0.661851
0.825853
0.848562
0.950809
0.817131
0.938793
0.847068
0.852324
0.714332
0.706768
0.797242
0.724706
0.734726
0.618782
0.624535
0.555743
0.595608
0.462244
0.529199
0.449841
0.449124
0.355315
0.373157
0.286697
0.333138
0.269040
0.172736
0.222094
0.189722
0.144174
0.130117
0.125500
0.244280
0.180380
0.113991
0.084263
0.145858
0.103729
0.098587
0.204694
0.160384
0.198062
0.282958
0.228459
0.215731
0.266063
0.148055
0.172056
0.263481
0.295904
0.226181
0.180788
0.243305
0.227261
0.194030
0.185357
0.198741
0.243785
0.147575
0.134252
0.023355
-0.073186
0.047147
0.009028
0.006612
-0.014166
-0.168675
-0.238140
-0.274256
-0.245600
-0.297760
-0.223714
-0.420784
-0.378418
-0.441427
-0.411723
-0.385120
-0.365497
-0.381213
-0.403172
-0.488439
-0.417058
-0.458156
-0.512855
-0.431432
-0.433734
-0.361602
-0.451802
-0.413180
-0.406041
-0.334307
-0.316979
-0.233396
-0.254628
-0.205181
-0.332169
-0.249583
-0.076250
-0.157726
-0.183720
-0.065765
-0.039311
-0.071054
-0.096940
0.039590
0.025370
0.002045
0.013750
-0.040092
-0.009847
-0.132195
-0.086376
-0.151495
-0.125124
-0.160220
-0.148181
-0.165748
-0.131030
-0.084594
-0.148299
-0.109173
-0.208042
-0.223137
0.000000
0.769167
0.422961
-0.536583
-0.718025
0.141745
0.795970
0.295954
-0.633227
-0.644162
0.279005
0.797586
0.159583
-0.709832
-0.549916
0.407436
0.773963
0.018161
-0.763976
-0.438268
0.522975
0.725849
-0.123835
-0.793945
-0.312751
0.621964
0.654766
-0.261912
-0.798790
-0.177338
0.701273
0.562964
-0.391702
-0.778359
-0.036314
0.758390
0.453348
-0.509097
-0.733298
0.105860
0.791510
0.329387
-0.610382
0.549464
0.509740
0.491822
0.575581
0.511122
0.438291
0.474598
0.446649
0.496800
0.492836
0.489514
0.589391
0.526258
0.495246
0.467315
0.502192
0.516946
0.600568
0.665421
0.434897
0.485730
0.603303
0.613962
0.707578
0.687952
0.672453
0.805703
0.692205
0.704491
0.782758
0.822008
0.823185
0.862416
0.855250
0.921039
0.920034
0.863605
0.786091
0.896407
0.825095
0.810652
0.874807
0.820997
0.000000
0.730770
0.594735
-0.246746
-0.795549
-0.400709
0.469433
0.782756
0.167611
-0.646346
-0.693638
0.081831
0.760236
0.536885
-0.323293
-0.799996
-0.327782
0.533232
0.761751
0.086717
-0.691177
-0.649229
0.162803
0.781726
0.473403
-0.396449
-0.796051
-0.251416
0.591437
0.732755
0.004914
-0.728756
-0.598010
0.242067
0.795016
0.404954
-0.465445
-0.783756
-0.172412
0.643438
0.696073
-0.076941
0.228387
0.228077
0.154251
0.301882
0.245584
0.139739
0.193786
-1.074640
-1.075752
-1.060868
-1.079146
-1.208588
-1.122895
-1.161026
-1.214239
-1.236774
-1.342904
-1.373460
-1.347898
-1.507054
-1.432089
-1.359650
-1.484082
-1.452080
-1.519065
-1.517576
-1.616435
-1.648725
-1.550955
-1.589827
-1.672561
-1.621717
-1.576260
-1.591549
-1.672477
-1.625455
-1.500039
-1.447989
-1.354936
-1.511329
-1.480173
-1.287122
-1.317518
-1.330158
-1.384750
-1.411185
-1.258489
-1.308330
-1.227183
-1.272593
-1.273493
-1.215120
-1.224655
-1.144566
-1.203116
-1.175153
-1.166769
-1.134530
-1.190920
-1.219741
-1.221761
-1.264619
-1.337183
-1.337729
-1.326579
-1.152443
-1.274877
-1.336803
-1.296464
-1.326649
-1.443846
-1.337603
-1.328550
-1.388188
-1.344048
-1.355281
-0.282207
-0.140051
-0.156022
-0.234197
-0.173230
-0.089190
-0.135152
-0.067630
-0.001055
0.018872
0.009885
0.157636
0.186258
0.143728
0.151768
0.332258
0.380169
0.274558
0.349418
0.330985
0.359276
0.434221
0.511354
0.559497
0.519317
0.421249
0.553216
0.608800
0.645109
0.670752
0.765203
0.663197
0.703703
0.572813
0.561560
0.683634
0.660945
0.652077
0.496793
0.556359
0.591469
0.492367
0.537555
0.553778
0.454295
0.386117
0.592165
0.464151
0.467718
0.456845
0.486326
0.475242
0.470586
0.511291
0.395792
0.557472
0.570881
0.647227
0.537623
0.603125
0.632147
0.630943
0.650203
0.678892
0.734266
0.792877
0.806012
0.775309
0.751671
0.815998
0.866022
0.902486
0.890280
0.879127
0.952251
0.860673
0.895372
0.879976
0.878780
0.849159
0.882147
0.810858
0.783123
0.764545
0.719609
0.765300
0.630987
0.669161
0.547441
0.571841
0.539556
0.427033
0.352831
0.430787
0.424596
0.358288
0.297024
0.302437
0.290988
0.234242
0.215776
0.313285
0.184458
0.183129
0.178558
0.128888
0.163669
0.134573
0.136804
0.129396
0.111056
0.080849
0.153043
0.227714
0.273152
0.241050
0.306497
0.322044
0.265007
0.239787
0.291622
0.264255
0.252997
0.282286
0.227775
0.252194
0.211497
0.328440
0.253182
0.274471
0.262667
0.113141
0.093209
0.097774
-0.054001
0.018539
-0.022363
-0.028747
-0.091855
-0.124436
-0.183873
-0.168907
-0.269161
-0.249581
-0.259709
-0.300114
-0.331701
-0.384788
-0.424383
-0.352627
-0.344507
-0.501593
-0.462880
-0.511625
-0.371398
-0.465413
-0.415945
-0.474071
-0.422948
-0.422633
-0.355043
-0.275334
-0.374506
-0.414270
-0.273150
-0.186025
-0.248718
-0.244469
-0.168278
-0.133145
-0.065675
-0.117464
-0.103231
-0.071789
-0.065264
-0.154621
-0.082894
-0.078264
-0.043118
0.050534
-0.068184
-0.092877
-0.119301
-0.122405
-0.119665
-0.005705
-0.056226
-0.089970
-0.239917
-0.157886
-0.175997
-0.136035
-0.147782
-0.142646
-0.300903
-0.199678
-0.189740
-0.263837
0.000000
0.799998
-0.003334
-0.799984
0.006669
0.799957
-0.010003
-0.799915
0.013337
0.799859
-0.016670
-0.799790
0.020004
0.799706
-0.023337
-0.799609
0.026669
0.799498
-0.030002
-0.799373
0.033333
0.799234
-0.036664
-0.799081
0.039995
0.798915
-0.043325
-0.798734
0.046654
0.798540
-0.049982
-0.798331
0.053309
0.798109
-0.056636
-0.797873
0.059961
0.797623
-0.063285
-0.797359
0.066609
0.797082
-0.069931
-0.796790
0.073252
0.796485
-1.400046
-2.119641
-1.243586
-0.933144
-0.821347
-0.842426
-0.823312
-0.978453
-0.823254
-0.839343
-0.775178
-0.812857
-0.736576
-0.728905
-0.778264
-0.718489
-0.687231
-0.684024
-0.641848
-0.572563
-0.568896
-0.517103
-0.547859
-0.527435
-0.475808
-0.524678
-0.537653
-0.521853
-0.473990
-0.434137
-0.502184
-0.383866
-0.517260
-0.518091
-0.386722
-0.524662
-0.390803
-0.537291
-0.490669
-0.543465
-0.486887
-0.595796
-0.598933
-0.553990
-0.740196
-0.776889
-0.740410
-0.816789
-0.708450
-0.892896
-0.907745
-0.914363
-0.934679
-1.061766
-1.032983
-1.036439
-1.042681
-1.047392
-1.079129
-1.084194
-1.101156
-1.162683
-1.177775
-1.169546
-1.109227
-1.114548
0.082370
0.184036
0.262361
0.120732
0.235081
0.249987
0.235484
0.211180
0.326888
0.295693
0.195878
0.342911
0.257828
0.292201
0.165676
0.180651
0.280408
0.175960
0.223184
0.215452
0.097740
0.181529
0.189967
0.104025
0.063079
0.058725
-0.016446
-0.067444
-0.112239
-0.117110
-0.223092
-0.249074
-0.193789
-0.330441
-0.336750
-0.328810
-0.350476
-0.349796
-0.507727
-0.320419
-0.413883
-0.435101
-0.397004
-0.427160
-0.411790
-0.422327
-0.374548
-0.404012
-0.390538
-0.315401
-0.434470
-0.292924
-0.385447
-0.183844
-0.265304
-0.253895
-0.232352
-0.239203
-0.162412
-0.200427
-0.152383
-0.071752
0.011093
0.042562
-0.051599
-0.043437
0.013790
-0.005403
-0.016487
-0.053324
-0.041895
-0.036901
-0.038024
-0.053183
-0.008057
-0.056081
-0.063987
-0.065759
-0.101034
-0.093216
-0.128511
-0.187524
-0.198936
-0.167066
-0.194413
-0.227215
-0.220617
-0.111458
-0.155996
-0.256901
-0.168864
-0.192344
-0.123916
-0.069598
-0.169414
-0.083818
-0.073626
-0.067076
0.049152
0.003141
-0.023090
0.100011
0.144089
0.258501
0.279212
0.204631
0.298964
0.329480
0.335775
0.485566
0.453044
0.516770
0.500136
0.538686
0.576327
0.586012
0.556960
0.558633
0.629529
0.636926
0.694944
0.696761
0.646944
0.700411
0.714890
0.672193
0.632918
0.612388
0.618910
0.623909
0.672232
0.515542
0.551326
0.508219
0.536104
0.460611
0.489945
0.441071
0.446349
0.533197
0.439369
0.504100
0.490832
0.543041
0.549666
0.536211
0.499088
0.545792
0.639164
0.530171
0.686186
0.627795
0.686060
0.668272
0.701713
0.808789
0.842475
0.776045
0.784039
0.850078
0.820127
0.896403
0.841114
0.968527
0.847966
0.920335
0.908701
0.933903
0.846114
0.808976
0.981981
0.788442
0.739000
0.791426
0.820916
0.743604
0.778306
0.808073
0.593190
0.546155
0.522582
0.464656
0.530187
0.442947
0.402252
0.447991
0.377184
0.285512
0.253519
0.273678
0.244644
0.260457
0.170285
0.182949
0.125271
0.248546
0.179031
0.203604
0.255166
0.241471
0.154100
0.213152
0.245087
0.211866
0.211268
0.254747
0.228148
0.283297
0.256887
0.298415
0.303270
0.308603
0.210608
0.314695
0.227590
0.246495
0.270351
0.313889
0.136466
0.159494
0.208924
0.117544
0.109754
0.063920
0.118405
0.074560
0.045280
-0.019145
-0.131130
-0.169409
-0.081702
-0.178447
-0.214612
-0.239551
-0.321489
-0.288954
-0.368610
-0.369757
-0.355991
-0.350425
-0.506809
-0.448875
-0.449218
-0.420216
-0.448013
-0.439715
-0.369569
-0.433678
-0.440988
-0.302689
-0.292014
-0.260342
-0.320716
-0.348043
-0.282294
-0.249763
-0.268876
-0.202547
-0.191550
-0.102980
-0.101234
-0.017965
-0.055420
-0.118386
-0.016258
0.000232
-0.120064
-0.022342
-0.019275
-0.002200
-0.013659
-0.030663
0.041134
-0.032550
-0.046022
-0.097563
-0.192474
-0.071159
-0.138147
-0.109132
-0.080878
-0.183576
-0.172077
-0.083404
-0.159791
-0.204124
-0.134584
-0.168041
-0.173693
-0.123902
-0.159596
-0.009951
-0.174784
-0.268078
-0.019371
-0.114159
-0.047726
0.062047
-0.082153
0.020536
0.064438
0.082728
0.194430
0.133428
0.252944
0.220105
0.343267
0.364959
0.438827
0.497511
0.400931
0.507553
0.579235
0.589622
0.518221
0.629219
0.619941
0.663327
0.702361
0.700072
0.688699
0.621006
0.672508
0.655642
0.669052
0.657586
0.637438
0.640582
0.602102
0.580499
0.632697
0.721770
0.551296
0.443275
0.547825
0.441835
0.521711
0.459990
0.580668
0.586944
0.505023
0.457308
0.472545
-2.266086
-2.214476
-2.153974
-2.177355
-2.227467
-2.136411
-2.267216
-2.111066
-2.107013
-2.112193
-1.989963
-1.991773
-2.041011
-1.988516
-1.915355
-2.019139
-1.887136
-1.809767
-1.894451
-1.913151
-1.956970
-1.899790
-1.776038
-1.782518
-1.868056
-1.886049
-1.877346
-1.982473
-1.923108
-1.990857
-2.012035
-2.080010
-2.053897
-2.070588
-2.227472
-2.097688
-2.185344
-2.318699
-2.273906
-2.269926
-2.346190
-2.340727
-2.334310
-2.461224
-2.478883
-2.373631
-2.588146
-2.578838
-2.548836
-2.563104
-2.483949
-2.467784
-2.662864
-2.509231
-2.552950
-2.530437
-2.544511
-2.523005
-2.498024
-2.627363
-2.616877
-2.442278
0.257684
0.308982
0.252660
0.388433
0.268088
0.269840
0.246212
0.299762
0.335376
0.313790
0.319826
0.354603
0.287508
0.216181
0.291216
0.092736
0.171941
0.160295
0.068864
0.066993
0.082084
0.031356
0.021512
-0.030224
-0.099816
-0.185464
-0.172859
-0.221296
-0.266333
-0.200204
-0.221933
-0.256387
-0.328297
-0.326963
-0.344353
-0.383801
-0.485991
-0.437702
-0.378321
-0.421504
-0.447851
-0.448956
-0.369512
-0.327329
-0.357844
-0.325452
-0.334763
-0.451004
-0.258322
-0.251615
-0.230498
-0.165559
-0.192557
-0.152371
-0.123474
-0.082413
-0.082114
-0.075756
-0.017312
0.023274
0.042179
-0.019116
0.067458
-0.050204
0.015806
-0.116133
0.043093
-0.034648
-0.099039
-0.004364
-0.022956
-0.132870
-0.073552
-0.052745
-0.086892
-0.136227
-0.109460
-0.187047
-0.135433
-0.151280
-0.199360
-0.135842
-0.153817
-0.073635
-0.227180
-0.112785
-0.188718
-0.218973
-0.032349
-0.114352
-0.116801
-0.025091
0.022925
0.109283
0.070700
0.191206
0.118357
0.250269
0.166742
0.275899
0.264129
0.393616
0.467965
0.482243
0.465443
0.536759
0.545404
0.511208
0.577003
0.639423
0.681847
0.692642
0.634030
0.677814
0.718522
0.676759
0.693886
0.689850
0.638950
0.720760
0.604069
0.610607
0.538281
0.652791
0.623155
0.536080
0.644052
0.629031
0.656386
0.403259
0.617382
0.515072
0.514011
0.534384
0.514277
0.513555
0.493048
0.558186
0.507024
0.573732
0.530564
0.555893
0.672255
0.646765
0.620811
0.595519
0.740284
0.745234
0.715236
0.764477
0.828151
0.816600
0.802253
0.861498
0.797997
0.851671
0.890340
0.941486
0.821027
0.978965
0.955555
0.973927
0.933520
0.864609
0.979348
0.829041
0.812308
0.804070
0.909536
0.836828
0.768563
0.751948
0.685138
0.593471
0.579566
0.443907
0.485729
0.509103
0.566616
0.436818
0.421393
0.364769
0.308125
0.350927
0.254263
0.282854
0.235045
0.265096
0.217019
0.132574
0.240566
0.224963
0.224349
0.269739
0.322053
0.158509
0.153146
0.243001
0.247927
0.236434
0.256866
0.301849
0.293777
0.318259
0.270493
0.244812
0.273615
0.302773
0.264186
0.158717
0.291520
0.281714
0.243715
0.244064
0.245403
0.192968
0.111643
0.137865
0.094999
0.047223
0.098187
-0.008076
-0.100781
-0.082566
0.024907
-0.166009
-0.062162
-0.164957
-0.278879
-0.393064
-0.244468
-0.324474
-0.430555
-0.334868
-0.344557
-0.418245
-0.522320
-0.463758
-0.451463
-0.439869
-0.431701
-0.443156
-0.377240
-0.314958
-0.298159
-0.441135
-0.335925
-0.382017
-0.305807
-0.242735
-0.209356
-0.246451
-0.112269
-0.123577
-0.155968
-0.143619
-0.184115
-0.097017
-0.027781
-0.000207
-0.003727
-0.108875
0.046016
0.011892
0.015504
-0.062096
0.047561
0.050191
0.000000
0.567603
0.799982
0.559893
-0.010867
-0.575209
-0.799834
-0.552080
0.021731
0.582708
0.799539
0.544164
-0.032592
-0.590100
-0.799096
-0.536149
0.043447
0.597382
0.798506
0.528034
-0.054293
-0.604555
-0.797768
-0.519822
0.065130
0.611616
0.796884
0.511514
-0.075954
-0.618564
-0.795852
-0.503112
0.086765
0.625398
0.794673
0.494617
-0.097559
-0.632117
-0.793348
-0.486030
0.108336
0.638719
0.791877
0.477354
-0.119093
-0.645203
-0.790259
-0.468590
0.129827
0.651568
0.788495
0.459739
-0.140538
-2.110756
-2.239529
-1.903746
-1.301720
-0.789006
-0.668411
-1.011158
-1.614822
-2.122881
-2.235276
-1.885627
-1.280437
-0.777127
-0.672953
-1.029438
-1.636044
-2.134511
-2.230445
-1.867189
-1.259280
-0.765748
-0.678071
-1.048031
-1.657131
-2.145638
-0.793849
-0.743708
-0.771892
0.704808
0.767175
0.822277
0.871638
0.897942
0.927348
0.851471
0.880297
0.954895
0.921717
0.943794
0.952964
0.959770
0.833091
0.867793
0.935392
0.930509
0.927681
0.708549
0.864458
0.694024
0.704609
0.718474
0.747043
0.670231
0.687862
0.541556
0.547671
0.594224
0.429264
0.482566
0.498961
0.325683
0.304247
0.358197
0.298331
0.354841
0.299278
0.285690
0.315804
0.363202
0.241264
0.173274
0.269587
0.275628
0.225587
0.170621
0.212894
0.271063
0.214879
0.234197
0.258741
0.266467
0.316990
0.342898
0.244629
0.250491
0.258373
0.267079
0.329673
0.322386
0.315640
0.332144
0.326047
0.188476
0.282545
0.138259
0.205888
0.172825
0.121757
0.126987
-0.008740
-0.005861
-0.029981
-0.068027
-0.091736
-0.028856
-0.140606
-0.215774
-0.303399
-0.246931
-0.340319
-0.227403
-0.345128
-0.352100
-0.347448
-0.498187
-0.403838
-0.447176
-0.488007
-0.380697
-0.431506
-0.444876
-0.254134
-0.398686
-0.353803
-0.319373
-0.283781
-0.282769
-0.249897
-0.220367
-0.201478
-0.153303
-0.250499
-0.087111
-0.151038
-0.128946
-0.030722
-0.072659
-0.006083
0.061550
0.004810
-0.033055
-0.015774
-0.011848
0.020243
0.038688
0.107686
-0.040573
0.066817
-0.081459
-0.004572
-0.063758
-0.076452
-0.037580
-0.024977
-0.000559
-0.097853
-0.083970
-0.045792
-0.129983
-0.177262
-0.022711
-0.158926
-0.040317
-0.118681
-0.120526
-0.182321
-0.157330
-0.053280
0.055734
-0.073746
0.075973
0.020764
0.046159
-0.022314
0.179979
0.112496
0.192583
0.145404
0.339603
0.284708
0.356176
0.421747
0.470363
0.506379
0.497227
0.608539
0.571840
0.573812
0.555779
0.686132
0.677636
0.636632
0.667216
0.662261
0.700312
0.703153
0.714971
0.669378
0.717698
0.624482
0.711591
0.702084
0.750920
0.708992
0.604641
0.528179
0.623344
0.549812
0.565257
0.500675
0.563430
0.625343
0.442986
0.525748
0.487868
0.510303
0.643723
0.591463
0.559235
0.574125
0.558044
0.643416
0.620450
0.579992
0.711287
0.683767
0.753949
0.803137
0.786378
0.905482
0.813740
0.775749
0.830427
0.892076
0.936862
0.994548
0.917650
0.982350
0.963228
1.013415
0.886086
0.996588
0.925115
0.869083
0.863706
0.904042
0.862181
0.818756
0.800775
0.722138
0.704838
0.671366
0.694108
0.627179
0.605925
0.498044
0.496982
0.491617
0.484122
0.425517
0.345913
0.270046
0.332690
0.289887
0.267190
0.224115
0.273581
0.179094
0.224425
0.256345
0.180602
0.168150
0.162265
0.184248
0.286680
0.258445
0.235582
0.248628
0.312435
0.271017
0.384207
0.308306
0.347765
0.257971
0.376643
0.294392
0.394654
0.352501
0.310986
0.392814
0.272316
0.293178
0.276541
0.250157
0.317224
0.248096
0.134419
0.193544
0.133321
0.073679
0.055439
-0.092504
-0.036108
0.036873
-0.190356
-0.200024
-0.198738
-0.252529
-0.242286
-0.263401
-0.323027
-0.370870
-0.293572
-0.372650
-0.365994
-0.304878
-0.393305
-0.324664
-0.385973
-0.460335
-0.344017
-0.332356
-0.334538
-0.300761
-0.345150
-0.301331
-0.337442
-0.272859
-0.152499
-0.192546
-0.212349
-0.173563
-0.036969
-0.130729
-0.126882
-0.055232
-0.009571
-0.031992
0.058987
0.033176
-0.036040
0.106134
-0.040558
0.067438
0.096533
0.009187
-0.005438
0.060498
-0.043182
0.053916
-0.032087
-0.009933
-0.036741
-0.038884
-0.069415
-0.101584
-0.114014
-0.175585
-0.089752
-0.077319
-0.184463
-0.133247
-0.207000
-0.114736
-0.099172
-0.089468
-0.051969
-0.027721
-0.070691
0.041558
-0.044143
0.093784
0.067449
0.122679
0.120404
0.165968
0.191313
0.286035
0.230807
0.275799
0.228700
0.377696
0.461763
0.579547
0.552552
0.563750
0.654657
0.636793
0.604642
0.694198
0.627568
0.635923
0.692823
0.771211
0.594644
0.729765
0.654239
0.757313
0.779053
0.764612
0.655104
0.716958
0.638928
0.644201
0.579518
0.649438
0.649631
0.619742
0.614892
0.527179
0.471422
0.560469
0.467093
0.559547
0.488910
0.553939
0.599284
0.498248
0.553024
0.619237
0.612505
0.600796
0.609869
0.592394
0.728386
0.792096
0.736543
0.747108
0.747549
0.815671
0.801813
0.791867
0.850009
0.881928
0.919271
0.916143
0.856959
0.943893
0.966892
1.028608
0.991462
0.951069
0.968601
0.899602
0.890504
0.870555
0.897896
0.897963
0.780706
0.796754
0.827856
0.747262
0.652426
0.669163
0.627059
0.511052
0.546356
0.505503
0.383333
0.373398
0.392180
0.447309
0.312782
0.436232
0.334845
0.331711
0.311650
0.262824
0.132371
0.301701
0.259624
0.277561
0.199357
0.232098
0.200307
0.302573
0.301287
0.339417
0.345055
0.229875
0.341339
0.253470
0.355980
0.305266
0.339017
0.341808
0.324631
0.326101
0.338995
0.279321
0.417591
0.307481
0.326507
0.237047
0.249713
0.280182
0.120211
0.089292
0.111560
0.199472
0.048119
0.003521
0.003217
-0.049450
-0.076932
-0.162156
-0.119672
-0.191752
-0.164301
-0.223608
-0.306075
-0.293982
-0.241581
-0.313702
-0.347240
-0.342972
-0.382694
-0.372834
-0.359044
-0.464799
-0.392899
-0.458769
-0.341345
-0.273001
-0.316817
-0.328586
-0.326307
-0.336503
-0.161145
-0.242305
-0.188448
-0.061431
-0.070186
-0.078023
-0.069334
-0.069724
-0.023669
0.088145
0.044236
0.003562
0.034585
-0.027901
-0.014282
0.042023
0.049946
-0.014721
-0.021085
0.016227
0.060420
-0.049745
-0.009712
-0.035516
-0.092578
-0.015523
-0.090189
-0.029338
-0.157002
-0.116924
-0.100864
-0.131521
-0.120379
-0.197299
-0.117022
-0.164303
-0.077153
-0.069291
-0.055731
-0.030848
-0.080718
0.017779
0.012643
0.069877
0.032028
0.144408
0.147226
0.114801
0.190510
0.248972
0.292170
0.342122
0.293448
0.437155
0.479680
0.530837
0.516988
0.614836
0.620679
0.590349
0.534906
0.661228
0.681868
0.746943
0.673626
0.732580
0.719826
0.734812
0.766044
0.728128
0.769954
0.722338
0.702135
0.660156
0.590631
0.674643
0.617515
0.690979
0.527245
0.595740
0.592762
0.523320
0.665341
0.572433
0.533489
0.552534
0.558444
0.525406
0.611209
0.572763
0.594952
0.560048
0.586863
0.619616
0.613978
0.585268
0.721158
0.785051
0.593006
0.796838
0.764731
0.832001
0.855673
0.908880
0.816683
0.874045
0.890064
0.951257
0.992544
0.958497
0.968095
0.974559
0.857593
1.016932
0.920803
0.895634
0.965534
0.907817
0.808820
0.889971
0.810662
0.833801
0.765101
0.771977
0.694007
0.565540
0.672997
0.596669
0.569605
0.430893
0.557138
0.421862
0.390397
0.354394
0.395420
0.330157
0.263871
0.305856
0.319279
0.257631
0.224749
0.269598
0.272032
0.285238
0.207243
0.289918
0.307572
0.307178
0.232984
0.351612
0.306259
0.324953
0.297230
0.303890
0.321607
0.311500
0.345334
0.357295
0.293971
0.339945
0.413088
0.356686
0.287905
0.342576
0.367125
0.316949
0.230973
0.158941
0.223650
0.000000
0.000000
0.000000
0.000000
0.000000
0.000000
0.000000
0.000000
0.000000
0.000000
0.000000
0.000000
0.000000
0.000000
0.000000
0.000000
0.000000
0.000000
0.000000
0.000000
0.000000
0.000000
0.000000
0.000000
0.000000
0.000000
0.000000
0.000000
0.000000
0.000000
0.000000
0.000000
0.000000
0.000000
0.000000
0.000000
0.000000
0.000000
0.000000
0.000000
0.000000
0.000000
0.000000
0.000000
0.000000
0.000000
0.000000
0.000000
0.000000
0.000000
1.000000
1.000000
1.000000
1.000000
1.000000
1.000000
1.000000
1.000000
1.000000
1.000000
1.000000
1.000000
1.000000
1.000000
1.000000
1.000000
1.000000
1.000000
1.000000
1.000000
1.000000
1.000000
1.000000
1.000000
1.000000
1.000000
1.000000
1.000000
1.000000
1.000000
1.000000
1.000000
1.000000
1.000000
1.000000
1.000000
1.000000
1.000000
1.000000
1.000000
1.000000
1.000000
1.000000
1.000000
1.000000
1.000000
1.000000
1.000000
1.000000
1.000000
