-0.049682
-0.012334
0.049358
0.173951
0.151403
0.250781
0.127242
0.298654
0.377455
0.301171
0.461550
0.316546
0.356479
0.298840
0.391941
0.355353
0.524913
0.454240
0.501109
0.511456
0.357275
0.327387
0.476641
0.336399
0.387905
0.331842
0.346337
0.305658
0.335133
0.272804
0.331971
0.241078
0.316930
0.198012
0.235722
0.208672
0.271632
0.233219
0.298367
0.289958
0.241534
0.273536
0.313116
0.318690
0.361280
0.403863
0.404916
0.476971
0.415004
0.550502
0.455440
0.603959
0.590774
0.651826
0.666456
0.697694
0.564313
0.584706
0.617883
0.728480
0.804216
0.642906
0.620133
0.613874
0.651199
0.655955
0.613977
0.574301
0.608790
0.582356
0.481476
0.455649
0.501816
0.506105
0.385922
0.392109
0.352943
0.248015
0.200189
0.208858
0.154005
0.185614
0.042123
0.072332
0.104613
0.034155
0.014195
0.000695
-0.021602
-0.031239
-0.023749
-0.034896
-0.083434
0.023947
-0.034300
-0.010315
-0.079166
-0.113582
-0.024931
0.026609
-0.079183
-0.030136
-0.002358
0.088609
0.148031
0.022079
0.097621
0.071389
0.004996
0.097926
0.074830
0.043009
0.010273
0.003871
0.060500
0.024190
0.038958
-0.060735
-0.029247
-0.184249
-0.117267
-0.093880
-0.218079
-0.278322
-0.273672
-0.332832
-0.413042
-0.479472
-0.374239
-0.550481
-0.515095
-0.519064
-0.596323
-0.596122
-0.656836
-0.606873
-0.641448
-0.601308
-0.696649
-0.645485
-0.687690
-0.633239
-0.558551
-0.671754
-0.646580
-0.569211
-0.637870
-0.640665
-0.518300
-0.515409
-0.437857
-0.472847
-0.436765
-0.457992
-0.389889
-0.373109
-0.334571
-0.296076
-0.300681
-0.338638
-0.276137
-0.357771
-0.237033
-0.243588
-0.280585
-0.174950
-0.276657
-0.195558
-0.315193
-0.206225
-0.343514
-0.520555
-0.402295
-0.356645
-0.343774
-0.377658
-0.354833
-0.329260
-0.384846
-0.306987
-0.411735
-0.365508
-0.434312
-0.416145
-0.428797
-0.353575
-0.419424
-0.435359
-0.475158
-0.382305
-0.317811
-0.320118
-0.289807
-0.382172
-0.247987
-0.123709
-0.158953
-0.087928
-0.053981
0.025389
0.096310
0.061979
0.122405
0.081819
0.212762
0.221630
0.243589
0.184088
0.285501
0.325169
0.468444
0.552701
0.391395
0.389707
0.396986
0.431238
0.407566
0.550782
0.472493
0.328800
0.427046
0.495591
0.381547
0.331298
0.357838
0.372443
0.373094
0.348871
0.301182
0.310479
0.278377
0.205291
0.309077
0.179236
0.286786
0.379113
0.194766
0.256857
0.291846
0.272334
0.294906
0.333314
0.264827
0.349342
0.339764
0.404018
0.388977
0.373855
0.481522
0.511808
0.419339
0.617825
0.585937
0.649627
0.611273
0.828064
0.546919
0.657881
0.700866
0.735653
0.679083
0.684336
0.707207
0.760400
0.639848
0.538524
0.690830
0.764310
0.506752
0.589423
0.588523
0.544071
0.510258
0.380547
0.429646
0.428856
0.344745
0.317513
0.280894
0.210803
0.138929
0.147071
0.082714
0.131492
0.055055
0.091086
0.020127
0.010473
-0.046471
-0.057220
0.026974
0.018479
-0.016750
-0.024658
-0.017581
0.084841
-0.018412
0.005595
0.044805
0.029046
0.086295
-0.039929
0.047303
0.053036
0.112354
0.082707
0.085287
0.023012
0.061702
0.011211
0.017374
0.037345
-0.021399
0.035177
-0.034205
0.035480
-0.091175
-0.084316
-0.099652
-0.114407
-0.176703
-0.252653
-0.225937
-0.266323
-0.297791
-0.323249
-0.299183
-0.430553
-0.497233
-0.443447
-0.460042
-0.513823
-0.401000
-0.602794
-0.612293
-0.639381
-0.581914
-0.676242
-0.580641
-0.626686
-0.674800
-0.598899
-0.626921
-0.637441
-0.637720
-0.545222
-0.517652
-0.558261
-0.573924
-0.568349
-0.556100
-0.389262
-0.419648
-0.462440
-0.339389
-0.342118
-0.402700
-0.335895
-0.229435
-0.212382
-0.350717
-0.188435
-0.208636
-0.217016
-0.140794
-0.161734
-0.223956
-0.278389
-0.336609
-0.279162
-0.274816
-0.175330
-0.366322
-0.368704
-0.314656
-0.409078
-0.404472
-0.367945
-0.408169
-0.366208
-0.403504
-0.486275
-0.359581
-0.344664
-0.356093
-0.372466
-0.403088
-0.328275
-0.381114
-0.344476
-0.323248
-0.396815
-0.310790
-0.259165
-0.145987
-0.068106
-0.119814
-0.121201
-0.081790
-0.010982
-0.004566
0.084158
0.136830
0.135927
0.151552
0.242897
0.206906
0.275218
0.255536
0.417367
0.348004
0.306016
0.389799
0.469114
0.431727
0.436450
0.305863
0.488602
0.517441
0.405689
0.392980
0.457296
0.455589
0.440543
0.410331
0.387919
0.353517
0.334273
0.331766
0.276471
0.348744
0.209002
0.281879
0.342173
0.220829
0.310325
0.297194
0.260307
0.300514
0.340774
0.365000
0.324343
0.396811
0.368537
0.393449
0.360794
0.444169
0.414943
0.453057
0.549030
0.466134
0.481078
0.556379
0.607145
0.547030
0.645750
0.674485
0.666335
0.695707
0.714430
0.765904
0.768602
0.655416
0.767245
0.744931
0.700986
0.676963
0.672160
0.622036
0.575532
0.566308
0.646575
0.461543
0.478983
0.375499
0.424032
0.418357
0.230508
0.369037
0.201287
0.237413
0.204535
0.080548
0.145689
0.084040
0.022145
0.085973
0.040922
0.050204
-0.055432
-0.089909
-0.009317
-0.050593
-0.076454
0.000283
-0.080521
0.054540
0.027675
-0.052907
0.009066
0.023065
0.039819
0.009897
0.014281
0.117512
0.065556
0.138732
0.170128
0.151987
0.055489
-0.005993
0.155994
0.009126
0.030314
-0.022267
0.085994
-0.032629
-0.134099
-0.073102
-0.167102
-0.131926
-0.067757
-0.223465
-0.239713
-0.330887
-0.249707
-0.311987
-0.425144
-0.412839
-0.430804
-0.498662
-0.505978
-0.445564
-0.584888
-0.589082
-0.593217
-0.574938
-0.606872
-0.600882
-0.602310
-0.528361
-0.595904
-0.659863
-0.605733
-0.575230
-0.607393
-0.519713
-0.504072
-0.523778
-0.415762
-0.481264
-0.415317
-0.381641
-0.436589
-0.351513
-0.372096
-0.299986
-0.315672
-0.219543
-0.243963
-0.211129
-0.273498
-0.308182
-0.235928
-0.212761
-0.156808
-0.176355
-0.256824
-0.235608
-0.242757
-0.250753
-0.227847
-0.293247
-0.324881
-0.274294
-0.339955
-0.389407
-0.259276
-0.402463
-0.367890
-0.387395
-0.309009
-0.445056
-0.308319
-0.335861
-0.411515
-0.420477
-0.378482
-0.339658
-0.350585
-0.281655
-0.251837
-0.306705
-0.168419
-0.104397
-0.173678
-0.110095
-0.173699
-0.027218
-0.073883
0.084574
0.168395
0.135897
0.151660
0.114382
0.180366
0.212763
0.371559
0.373077
0.324643
0.502008
0.340902
0.430097
0.350053
0.425914
0.473163
0.507575
0.458477
0.435280
0.433792
0.527800
0.515119
0.488370
0.440709
0.582002
0.446643
0.405530
0.361699
0.285607
0.312549
0.297229
0.315038
0.358401
0.307676
0.282232
0.264731
0.273017
0.354589
0.273091
0.386274
0.330240
0.394369
0.451053
0.368590
0.459422
0.451261
0.387480
0.478687
0.403270
0.502438
0.614650
0.554410
0.557468
0.565093
0.587996
0.562712
0.620555
0.687621
0.606716
0.611523
0.810582
0.652106
0.723677
0.691914
0.648390
0.625360
0.654055
0.555205
0.617851
0.646294
0.538197
0.558183
0.469319
0.371281
0.383069
0.364315
0.351605
0.329396
0.362913
0.327330
0.240631
0.254275
0.182611
-0.010935
0.094051
0.139616
0.017935
0.056974
0.035635
0.081492
0.042203
-0.066490
-0.048632
-0.002662
-0.041223
-0.085257
0.003469
0.016899
-0.016481
0.067163
-0.027801
0.068316
0.050475
-0.026438
0.131754
0.079504
-0.000568
0.035781
0.172637
0.068711
0.056477
0.125294
0.103683
0.059956
0.044345
0.035644
-0.060919
-0.019660
-0.116660
-0.077007
-0.102584
-0.154304
-0.187982
-0.236999
-0.225128
-0.262638
-0.303526
-0.407893
-0.427829
-0.521836
-0.416645
-0.387166
-0.566309
-0.512169
-0.630013
-0.627958
-0.630591
-0.593231
-0.512292
-0.626980
-0.624373
-0.582620
-0.578833
-0.647307
-0.391189
-0.569439
-0.529946
-0.567049
-0.578470
-0.515174
-0.465694
-0.407815
-0.470374
-0.486243
-0.305448
-0.346204
-0.329785
-0.229528
-0.313897
-0.183206
-0.252985
-0.254363
-0.338303
-0.241396
-0.163546
-0.235444
-0.217069
-0.195292
-0.210265
-0.269937
-0.281982
-0.321618
-0.330299
-0.317235
-0.247040
-0.331739
-0.287667
-0.315923
-0.301403
-0.408185
-0.333479
-0.366101
-0.302295
-0.415728
-0.466927
-0.321150
-0.444308
-0.299986
-0.306700
-0.367199
-0.289054
-0.300577
-0.141404
-0.226672
-0.212193
-0.214561
-0.089041
-0.107456
-0.012134
0.072727
0.162296
0.117065
0.243728
0.210749
0.216024
0.176166
0.314281
0.329195
0.426937
0.303109
0.477800
0.434092
0.419841
0.435953
0.374555
0.393274
0.494982
0.510690
0.469329
0.572689
0.498159
0.509076
0.482857
0.456471
0.378336
0.444502
0.387956
0.463749
0.434624
0.405410
0.331542
0.295734
0.410301
0.221219
0.379371
0.366298
0.441074
0.389180
0.312799
0.368228
0.195351
0.341729
0.412500
0.416174
0.403305
0.486065
0.429033
0.376017
0.545232
0.630841
0.595721
0.543824
0.694876
0.615435
0.666299
0.611681
0.717592
0.690327
0.775154
0.797790
0.792979
0.665730
0.718193
0.721427
0.719466
0.665638
0.695044
0.709377
0.665979
0.580016
0.586530
0.556228
0.488738
0.478526
0.315976
0.418074
0.331594
0.387866
0.381780
0.345904
0.175632
0.255288
0.225605
0.185681
0.119816
0.116263
-0.045654
-0.005373
0.064243
-0.086445
-0.005514
-0.042946
-0.028741
0.101105
-0.062023
0.051685
0.051180
-0.026064
0.049270
0.111809
0.114044
0.111693
0.103992
0.159995
0.129005
0.121777
0.206131
0.108703
0.134352
0.090764
0.156255
0.098306
0.102293
0.095849
0.042203
0.042621
-0.029395
-0.017374
-0.044406
-0.040434
-0.122568
-0.162925
-0.186421
-0.144408
-0.221539
-0.300193
-0.318980
-0.421053
-0.415191
-0.415852
-0.466324
-0.416475
-0.510942
-0.423469
-0.530653
-0.597675
-0.590121
-0.692058
-0.605256
-0.540567
-0.573550
-0.597827
-0.616103
-0.552079
-0.507664
-0.566873
-0.546534
-0.553442
-0.482960
-0.492125
-0.495071
-0.493164
-0.321836
-0.310376
-0.258497
-0.391987
-0.218111
-0.211987
-0.282466
-0.281867
-0.224678
-0.265567
-0.189674
-0.244783
-0.252476
-0.202249
-0.152530
-0.178650
-0.206184
-0.162326
-0.250759
-0.278977
-0.227936
-0.252088
-0.252101
-0.383192
-0.308311
-0.251035
-0.263982
-0.294808
-0.237105
-0.342262
-0.436750
-0.348424
-0.312192
-0.322265
-0.450781
-0.301360
-0.445983
-0.267658
-0.237756
-0.197459
-0.203275
-0.269992
-0.244152
-0.119732
-0.100510
-0.021586
-0.072354
0.067734
0.091912
0.118823
0.056531
0.166862
0.197694
0.138917
0.339282
0.302878
0.432334
0.404138
0.431128
0.515581
0.422410
0.448527
0.406625
0.501822
0.396658
0.474681
0.470662
0.453563
0.509694
0.445265
0.551997
0.528815
0.543513
0.383224
0.453492
0.468408
0.388237
0.295543
0.341896
0.356175
0.390879
0.150900
0.245733
0.317385
0.324884
0.382776
0.374961
0.345059
0.393097
0.326556
0.394391
0.490268
0.407004
0.529961
0.466286
0.526293
0.585096
0.531112
0.562763
0.533146
0.674750
0.606570
0.537775
0.591655
0.723123
0.590536
0.720660
0.618564
0.759160
0.734352
0.720224
0.640437
0.772960
0.756618
0.764905
0.671093
0.594083
0.682543
0.511837
0.558629
0.547973
0.510891
0.505657
0.486583
0.452001
0.384339
0.345450
0.287783
0.260243
0.257709
0.154005
0.064050
0.169618
0.177372
0.163855
-0.040138
0.100305
0.054264
-0.019652
0.144846
0.057869
0.106837
0.005702
0.077844
0.115904
-0.010631
0.009164
-0.079495
0.020055
0.162983
0.121752
0.087095
0.057023
0.066988
0.215256
0.063017
0.100454
0.113038
0.069970
0.073922
0.113195
0.065160
0.045612
0.063359
0.039957
-0.036277
-0.007487
-0.042692
-0.160764
-0.114080
-0.214772
-0.089921
-0.291130
-0.392266
-0.356224
-0.379176
-0.390702
-0.527650
-0.420500
-0.428475
-0.482975
-0.556536
-0.579208
-0.591998
-0.613336
-0.560733
-0.573469
-0.582710
-0.557389
-0.647570
-0.635163
-0.530688
-0.601730
-0.601411
-0.474455
-0.492685
-0.475850
-0.470637
-0.283457
-0.384327
-0.339335
-0.322941
-0.357346
-0.287932
-0.288191
-0.307219
-0.233552
-0.141052
-0.243441
-0.086010
-0.236958
-0.292020
-0.179348
-0.243032
-0.198308
-0.227322
-0.235540
-0.213716
-0.210424
-0.187419
-0.309231
-0.241082
-0.292737
-0.269694
-0.207451
-0.314165
-0.260794
-0.330369
-0.390738
-0.233759
-0.344222
-0.285285
-0.364936
-0.332544
-0.335145
-0.210193
-0.348668
-0.308500
-0.211476
-0.216085
-0.186124
-0.174275
-0.125868
-0.144315
-0.110340
-0.042291
0.028807
0.073669
0.132819
0.147640
0.138765
0.213579
0.234042
0.362224
0.316785
0.307239
0.394113
0.394725
0.416215
0.515999
0.400772
0.471625
0.426951
0.630060
0.537465
0.507896
0.419743
0.483562
0.493724
0.522644
0.459694
0.406249
0.399673
0.472996
0.479157
0.361490
0.424799
0.361672
0.401745
0.415633
0.269717
0.367456
0.401568
0.299096
0.325508
0.258615
0.316485
0.409420
0.332015
0.371500
0.434919
0.415434
0.389926
0.429390
0.510463
0.558162
0.645702
0.591047
0.618007
0.599813
0.617230
0.624197
0.723022
0.710636
0.740652
0.740119
0.711108
0.628044
0.799520
0.777917
0.814026
0.700827
0.768222
0.770436
0.687007
0.686182
0.683875
0.645719
0.634745
0.563690
0.567816
0.507282
0.434804
0.330435
0.377642
0.371928
0.274413
0.308546
0.212418
0.294552
0.214672
0.198180
0.190021
0.133333
0.084924
0.078318
0.012542
0.068786
0.011510
0.115521
0.013697
-0.055046
0.052803
-0.005300
0.039278
0.075502
0.107457
-0.000677
0.095992
0.108799
0.098292
0.087977
0.094751
0.121641
0.071077
0.177385
0.047820
0.198625
0.091097
0.047354
0.129926
0.012455
0.063233
0.066542
-0.005246
-0.043417
-0.114359
-0.015076
-0.062421
-0.052445
-0.163962
-0.148371
-0.207953
-0.197539
-0.327379
-0.302475
-0.399907
-0.481360
-0.518852
-0.450339
-0.494463
-0.493137
-0.497357
-0.643669
-0.488356
-0.572867
-0.596988
-0.595745
-0.578050
-0.574511
-0.629133
-0.574955
-0.534836
-0.355812
-0.426622
-0.459251
-0.550893
-0.475901
-0.349961
-0.365035
-0.414725
-0.277817
-0.306928
-0.353654
-0.251138
-0.290961
-0.293348
-0.195112
-0.211589
-0.146658
-0.150805
-0.135735
-0.208021
-0.178577
-0.170490
-0.189220
-0.194718
-0.158317
-0.089086
-0.239439
-0.284820
-0.214281
-0.233032
-0.291821
-0.295801
-0.225426
-0.359267
-0.310477
-0.343073
-0.350142
-0.410101
-0.328550
-0.326676
-0.335482
-0.379639
-0.282733
-0.359297
-0.234123
-0.322498
-0.118734
-0.210267
-0.107747
-0.200253
-0.157307
-0.077954
-0.112327
0.009175
0.080445
0.103593
0.116506
0.138058
0.247796
0.241575
0.343423
0.338735
0.329128
0.259057
0.419470
0.449541
0.384103
0.454742
0.482576
0.499483
0.608130
0.463077
0.515396
0.557053
0.460438
0.544684
0.468702
0.436534
0.453014
0.511746
0.483428
0.443575
0.431646
0.445853
0.372331
0.376827
0.325310
0.401920
0.312399
0.440993
0.330978
0.331112
0.341976
0.333895
0.283952
0.321849
0.375230
0.378278
0.415529
0.408421
0.526655
0.532133
0.592466
0.571064
0.510964
0.615795
0.643366
0.508138
0.641298
0.754118
0.660872
0.779109
0.747990
0.718541
0.805439
0.753804
0.770719
0.740366
0.745167
0.763344
0.775717
0.734386
0.712987
0.639873
0.702954
0.720136
0.574401
0.543531
0.518685
0.460841
0.448474
0.378852
0.359118
0.380031
0.281971
0.262819
0.190468
0.239983
0.082679
0.140747
0.131397
0.164138
0.084805
0.083426
0.005505
0.044053
0.032225
0.075737
0.066620
0.078849
0.068979
0.124570
0.005980
0.080267
0.034762
0.086625
0.110403
0.118855
0.105979
0.149607
0.192120
0.041480
0.216416
0.112335
0.051914
0.062825
0.113745
0.126198
0.106794
-0.010357
0.077382
0.036541
0.003050
0.003542
-0.084656
-0.071343
-0.136087
-0.147041
-0.259044
-0.291471
-0.295996
-0.297738
-0.344507
-0.416550
-0.331911
-0.364260
-0.393209
-0.318759
-0.511412
-0.498336
-0.475148
-0.553316
-0.474688
-0.526127
-0.636101
-0.580006
-0.513967
-0.565253
-0.602583
-0.444445
-0.552206
-0.558748
-0.455650
-0.552701
-0.456276
-0.331878
-0.443417
-0.280390
-0.277758
-0.368726
-0.307412
-0.245200
-0.388016
-0.226160
-0.190096
-0.291626
-0.129157
-0.178318
-0.109961
-0.121160
-0.116097
-0.186706
-0.139329
-0.134949
-0.187104
-0.154923
-0.170586
-0.306104
-0.202126
-0.261707
-0.255911
-0.259575
-0.370002
-0.268500
-0.347147
-0.282786
-0.356841
-0.322044
-0.319500
-0.364531
-0.235591
-0.284480
-0.345505
-0.332070
-0.270442
-0.190345
-0.244955
-0.225390
-0.171946
-0.197308
-0.033347
-0.127131
-0.089049
0.031054
0.073607
0.026397
0.139500
0.199813
0.235208
0.243112
0.330009
0.321569
0.327220
0.398447
0.393260
0.499421
0.467876
0.416263
0.473032
0.566247
0.560338
0.535053
0.611461
0.563761
0.523541
0.456530
0.554643
0.487492
0.528054
0.436858
0.367127
0.461663
0.475233
0.421997
0.405161
0.357420
0.368745
0.437307
0.422004
0.284969
0.372210
0.351279
0.334711
0.397958
0.472999
0.423979
0.482415
0.455408
0.314400
0.551842
0.431449
0.528810
0.504677
0.570491
0.592802
0.557246
0.627968
0.726326
0.654657
0.732777
0.600386
0.695016
0.763331
0.740011
0.792487
0.841930
0.792203
0.789877
0.754165
0.797372
0.875230
0.769842
0.724548
0.777382
0.746107
0.583734
0.636463
0.504439
0.512950
0.496018
0.442419
0.377699
0.479936
0.370149
0.316080
0.348241
0.315917
0.171609
0.213644
0.105769
0.108172
0.089213
0.086385
0.137787
-0.032786
-0.037534
0.010892
0.090851
0.129293
0.084799
0.055317
-0.002057
0.031730
0.042439
0.102957
0.119945
0.158928
0.144175
0.164318
0.068848
0.115290
0.232866
0.153284
0.166412
0.154824
0.181043
0.087531
0.064999
0.232684
0.025591
0.054471
-0.024151
0.020552
-0.059106
-0.052785
-0.101855
-0.105522
-0.206964
-0.125569
-0.191815
-0.182980
-0.225992
-0.235316
-0.333139
-0.438521
-0.355374
-0.478322
-0.455938
-0.511722
-0.477669
-0.537066
-0.540662
-0.619165
-0.511175
-0.566289
-0.611700
-0.562560
-0.550993
-0.576958
-0.423814
-0.489922
-0.509363
-0.568369
-0.440836
-0.377307
-0.403231
-0.428452
-0.343770
-0.317966
-0.296797
-0.238077
-0.269561
-0.173509
-0.160960
-0.194378
-0.212103
-0.169470
-0.164494
-0.149106
-0.097500
-0.212060
-0.165108
-0.105601
-0.138953
-0.158561
-0.174167
-0.184006
-0.230623
-0.206827
-0.241581
-0.237006
-0.279372
-0.282491
-0.253339
-0.191558
-0.211592
-0.301613
-0.267050
-0.194252
-0.283243
-0.347656
-0.251595
-0.312511
-0.330918
-0.326006
-0.261819
-0.232702
-0.092760
-0.188606
-0.143534
-0.165051
-0.038365
0.008472
0.061816
0.126894
0.117810
0.158502
0.211092
0.213760
0.285016
0.249610
0.353829
0.260075
0.496515
0.341725
0.492715
0.489265
0.529232
0.502303
0.562429
0.511155
0.549063
0.578070
0.553204
0.551072
0.488084
0.484253
0.507229
0.478314
0.422275
0.489590
0.484441
0.459048
0.478462
0.374732
0.413623
0.482111
0.434695
0.420480
0.408648
0.353074
0.324566
0.463531
0.427608
0.458765
0.322370
0.362031
0.408392
0.464226
0.550373
0.523643
0.471193
0.540323
0.591211
0.552409
0.608193
0.666983
0.701409
0.668095
0.692516
0.762685
0.774463
0.848631
0.736936
0.667823
0.817662
0.880698
0.679148
0.736886
0.753074
0.740403
0.758224
0.697909
0.736580
0.667506
0.642200
0.650870
0.598147
0.544836
0.443249
0.478035
0.405110
0.440267
0.338816
0.359831
0.323869
0.258581
0.195594
0.126203
0.270836
0.132400
0.172244
0.101595
0.073493
0.100107
0.091242
0.088279
0.141002
0.053608
0.123756
0.062548
0.066516
0.111001
0.133563
0.146548
0.035157
0.160499
0.122403
0.183429
0.147275
0.097032
0.130597
0.202016
0.138759
0.104393
0.111592
0.134207
0.125761
0.030650
0.101381
0.038977
0.023096
-0.044387
0.110243
-0.027960
-0.091605
-0.100703
-0.069326
-0.186914
-0.204275
-0.188767
-0.328734
-0.368294
-0.295246
-0.263181
-0.429649
-0.466830
-0.450774
-0.492115
-0.483991
-0.517173
-0.551616
-0.522425
-0.507838
-0.528459
-0.558374
-0.498735
-0.535956
-0.565732
-0.527363
-0.516438
-0.408408
-0.468755
-0.387640
-0.376497
-0.418991
-0.318283
-0.336208
-0.323821
-0.371921
-0.315807
-0.291150
-0.169374
-0.236525
-0.227702
-0.219226
-0.076944
-0.251616
-0.067508
-0.198880
-0.212404
-0.125715
-0.182377
-0.210970
-0.107579
-0.196078
-0.032771
-0.174978
-0.186246
-0.201606
-0.238081
-0.261770
-0.198262
-0.261383
-0.226670
-0.230489
-0.278331
-0.336147
-0.220138
-0.320055
-0.366694
-0.193466
-0.332897
-0.214424
-0.279174
-0.238476
-0.247678
-0.196896
-0.142585
-0.180654
0.007251
-0.020869
0.093195
-0.007062
0.112017
0.145804
0.116924
0.213800
0.179572
0.282477
0.341610
0.440118
0.424337
0.389813
0.534856
0.458062
0.432409
0.556677
0.510596
0.522893
0.555440
0.478400
0.633360
0.582412
0.499433
0.524827
0.539282
0.503546
0.440798
0.516413
0.514693
0.442660
0.441649
0.507452
0.321096
0.319471
0.439557
0.379317
0.466989
0.361424
0.361885
0.408243
0.335561
0.489194
0.369768
0.430080
0.408736
0.452059
0.388501
0.561070
0.505171
0.542668
0.598763
0.573131
0.621363
0.582539
0.646513
0.725654
0.604804
0.648070
0.743402
0.697922
0.812001
0.695108
0.761416
0.911632
0.848894
0.797920
0.801555
0.735603
0.777427
0.714596
0.721005
0.676875
0.648099
0.634978
0.669570
0.697153
0.614032
0.549541
0.427532
0.371283
0.329696
0.355592
0.353633
0.315566
0.276122
0.365747
0.297395
0.134510
0.184822
0.131126
0.121233
0.191632
0.130183
0.070613
0.090479
0.045507
0.029763
0.091751
0.065200
0.047444
0.180917
-0.010932
0.169388
0.047333
0.106074
0.191266
0.097210
0.095760
0.216792
0.112280
0.202059
0.158154
0.207106
0.145090
0.085061
0.170210
0.018268
0.081519
0.069583
0.047124
0.067562
-0.040028
0.026578
0.046403
-0.082018
-0.127105
-0.123142
-0.156486
-0.224806
-0.304423
-0.289646
-0.382593
-0.396386
-0.338444
-0.389220
-0.470169
-0.423356
-0.482367
-0.475484
-0.465296
-0.524487
-0.601364
-0.621731
-0.555599
-0.533896
-0.583378
-0.493612
-0.523990
-0.504339
-0.422422
-0.398625
-0.343088
-0.393371
-0.297830
-0.414609
-0.334293
-0.320228
-0.188376
-0.315379
-0.175746
-0.166858
-0.173371
-0.219637
-0.056095
-0.204641
-0.082164
-0.047499
-0.063343
-0.058719
-0.109174
-0.147204
-0.098626
-0.085531
-0.104008
-0.085947
-0.124642
-0.244778
-0.105849
-0.218783
-0.143299
-0.283059
-0.219436
-0.294838
-0.245298
-0.274282
-0.295275
-0.267478
-0.322266
-0.331162
-0.388634
-0.256101
-0.291908
-0.219406
-0.172284
-0.235467
-0.205106
-0.182188
-0.084539
-0.013347
-0.012928
0.049129
0.014533
0.067888
0.106333
0.246551
0.223408
0.321745
0.264367
0.346250
0.375298
0.393299
0.332238
0.375123
0.437435
0.478780
0.580681
0.507656
0.511717
0.645307
0.617522
0.533864
0.594458
0.533039
0.484688
0.471696
0.507699
0.547667
0.469436
0.393052
0.524064
0.486740
0.416038
0.397478
0.468628
0.361235
0.355452
0.516316
0.468196
0.364011
0.351485
0.366894
0.446581
0.435317
0.455368
0.276060
0.536457
0.416536
0.376627
0.481588
0.486449
0.546004
0.562029
0.641068
0.743249
0.682346
0.656462
0.625074
0.744277
0.797477
0.757259
0.789249
0.730561
0.779629
0.779286
0.829300
0.875291
0.849735
0.841515
0.771389
0.798386
0.719214
0.673281
0.691652
0.600450
0.590715
0.546718
0.465848
0.553818
0.544457
0.485042
0.359477
0.395119
0.408585
0.325615
0.354808
0.184731
0.087136
0.250782
0.153948
0.212851
0.038988
0.134397
0.207519
0.181949
0.123445
0.083728
0.198551
0.144287
0.149854
0.075132
0.243872
0.084148
0.054437
0.140052
0.141980
0.168559
0.163245
0.164192
0.150341
0.236254
0.170331
0.178259
0.236125
0.210734
0.307587
0.184417
0.064272
0.046831
0.062459
0.102624
0.029491
0.087124
0.003600
-0.054647
0.035891
-0.137360
-0.182177
-0.180954
-0.220933
-0.208944
-0.249242
-0.351039
-0.341067
-0.352984
-0.391883
-0.462316
-0.332100
-0.484888
-0.520663
-0.518329
-0.536784
-0.499609
-0.534311
-0.553847
-0.455736
-0.487193
-0.476030
-0.493479
-0.526347
-0.536834
-0.371953
-0.458528
-0.364128
-0.405495
-0.312090
-0.301149
-0.275444
-0.232179
-0.205568
-0.282156
-0.167642
-0.186342
-0.160606
-0.129399
-0.104606
-0.118738
-0.160696
-0.130955
-0.139260
-0.061048
-0.139368
-0.127935
-0.119401
-0.225116
-0.126247
-0.147391
-0.150468
-0.238100
-0.306708
-0.248784
-0.210601
-0.255643
-0.247792
-0.252697
-0.301970
-0.320718
-0.309064
-0.209976
-0.227914
-0.304280
-0.297387
-0.249638
-0.201784
-0.208426
-0.233791
-0.086885
-0.156075
0.065796
-0.153939
-0.058874
-0.017615
0.048914
0.128905
0.207418
0.193727
0.299579
0.266148
0.290774
0.372156
0.410274
0.378700
0.441373
0.491333
0.482908
0.476687
0.633646
0.549451
0.528242
0.637088
0.546052
0.569751
0.584516
0.529539
0.601233
0.531695
0.558846
0.614461
0.585171
0.576309
0.439205
0.465313
0.416611
0.431729
0.435914
0.492851
0.456349
0.410970
0.359504
0.429409
0.454266
0.572376
0.394718
0.407721
0.421344
0.478629
0.433347
0.507486
0.466863
0.464124
0.567112
0.593958
0.664126
0.559803
0.704079
0.683300
0.667619
0.682892
0.769208
0.742719
0.795356
0.753869
0.792176
0.783297
0.801805
0.768388
0.855370
0.944511
0.811931
0.741410
0.741005
0.784765
0.765084
0.634911
0.714846
0.677186
0.562958
0.628756
0.512819
0.551409
0.423543
0.510109
0.413750
0.433585
0.338298
0.239975
0.276256
0.228402
0.234414
0.177779
0.157014
0.194085
0.067237
0.129894
0.111492
0.123690
0.142608
0.146889
0.136394
0.132847
0.120610
0.151181
0.201010
0.197888
0.226897
0.210710
0.145767
0.252917
0.296840
0.214975
0.092657
0.130810
0.300833
0.164562
0.273214
0.293989
0.169525
0.132940
0.125553
0.081463
0.106238
0.068552
0.048705
0.080411
-0.048977
-0.064786
-0.134853
-0.064700
-0.103559
-0.217021
-0.158751
-0.237620
-0.307359
-0.270204
-0.352610
-0.378346
-0.427593
-0.507688
-0.475055
-0.572243
-0.376185
-0.462800
-0.513245
-0.507248
-0.500632
-0.505521
-0.601958
-0.426630
-0.543294
-0.498978
-0.429941
-0.369561
-0.327567
-0.388387
-0.381053
-0.359451
-0.261334
-0.220754
-0.210731
-0.232863
-0.261999
-0.216204
-0.121760
-0.118670
-0.104729
-0.103359
0.021467
-0.098489
-0.096415
-0.124340
-0.067854
-0.145106
-0.084606
-0.090196
-0.085053
-0.116899
-0.081597
-0.146234
-0.173597
-0.182530
-0.238491
-0.230212
-0.239086
-0.231388
-0.226122
-0.250603
-0.236279
-0.185692
-0.183819
-0.273388
-0.205011
-0.158166
-0.266920
-0.231879
-0.133439
-0.123871
-0.127522
-0.172765
-0.066440
-0.018133
0.019262
-0.006944
0.065491
0.110407
0.231147
0.151251
0.289131
0.262928
0.317948
0.440013
0.396876
0.412459
0.440005
0.432754
0.584935
0.593511
0.580902
0.536642
0.500542
0.676180
0.605282
0.613068
0.554908
0.602374
0.635963
0.581865
0.515615
0.488483
0.527807
0.505074
0.555303
0.529324
0.473530
0.442772
0.442915
0.541796
0.439248
0.363673
0.491424
0.462839
0.432788
0.439157
0.436291
0.387279
0.485275
0.451037
0.461391
0.451707
0.452107
0.503391
0.581537
0.622428
0.629496
0.684528
0.646276
0.536071
0.721059
0.783362
0.740315
0.736323
0.819945
0.773587
0.772650
0.870119
0.884089
0.860151
0.799590
0.804729
0.740207
0.725120
0.695441
0.775969
0.778359
0.730932
0.722668
0.653790
0.686183
0.521691
0.646021
0.541556
0.504006
0.490423
0.413884
0.326242
0.274487
0.272712
0.196142
0.290434
0.113496
0.224295
0.247163
0.186163
0.195030
0.183309
0.150665
0.158651
0.058846
0.249962
0.086861
0.129874
0.121503
0.116970
0.265545
0.163091
0.129779
0.217124
0.139604
0.112786
0.229512
0.237112
0.195051
0.296602
0.185238
0.293431
0.184455
0.283267
0.136664
0.126181
0.132294
0.147838
0.075669
0.075419
0.074735
0.008709
-0.013404
0.048149
-0.140706
-0.201895
-0.098664
-0.186284
-0.239049
-0.313030
-0.243797
-0.254330
-0.322883
-0.360167
-0.485747
-0.470009
-0.425939
-0.463405
-0.492451
-0.526053
-0.540079
-0.477472
-0.418144
-0.531978
-0.474545
-0.478066
-0.458350
-0.460064
-0.479837
-0.254397
-0.367384
-0.330468
-0.375239
-0.333730
-0.320695
-0.285591
-0.234652
-0.280892
-0.233395
-0.141012
-0.152323
-0.107825
-0.049698
-0.100039
-0.107593
-0.005184
-0.078225
-0.200919
-0.040244
-0.025160
-0.119599
-0.137803
-0.129176
-0.109707
-0.157097
-0.170021
-0.096302
-0.168420
-0.248798
-0.132168
-0.186493
-0.134381
-0.263764
-0.227233
-0.139001
-0.299033
-0.274921
-0.283340
-0.138561
-0.195150
-0.271806
-0.140772
-0.074196
-0.087710
-0.026747
-0.085300
-0.061861
-0.066838
-0.088432
0.052781
0.089744
0.111760
0.190636
0.228787
0.306757
0.311958
0.370253
0.351152
0.437352
0.462828
0.432428
0.391651
0.547508
0.535668
0.576956
0.635910
0.577067
0.630779
0.588316
0.650317
0.563091
0.504036
0.654823
0.564615
0.520207
0.573105
0.546164
0.648498
0.537768
0.456554
0.471361
0.463622
0.425791
0.401953
0.486626
0.322296
0.439580
0.396402
0.370885
0.426716
0.456167
0.403563
0.453126
0.466138
0.511664
0.458770
0.450482
0.584396
0.597018
0.632289
0.674976
0.662461
0.702487
0.611178
0.635240
0.749669
0.808611
0.808252
0.843933
0.824629
0.874201
0.764742
0.852443
0.821304
0.834482
0.753657
0.829741
0.802671
0.800616
0.773347
0.769120
0.810352
0.790837
0.673334
0.668207
0.636651
0.586447
0.532951
0.559431
0.506192
0.419016
0.455950
0.399167
0.250217
0.401765
0.291486
0.231033
0.165549
0.225376
0.174026
0.174734
0.170866
0.088729
0.213732
0.197889
0.199004
0.128397
0.181880
0.124441
0.126412
0.187524
0.256665
0.169663
0.161696
0.248110
0.183560
0.300390
0.335748
0.236980
0.175563
0.171512
0.238054
0.202492
0.225743
0.163702
0.137456
0.174951
0.072574
0.127619
0.188288
0.078527
0.073644
-0.050728
0.001323
-0.142835
-0.181142
-0.234806
-0.140033
-0.163200
-0.276845
-0.231383
-0.389344
-0.440179
-0.370725
-0.369055
-0.440341
-0.426853
-0.407282
-0.422799
-0.453545
-0.453262
-0.511921
-0.468053
-0.516789
-0.491121
-0.491450
-0.383960
-0.416638
-0.437893
-0.290306
-0.387173
-0.265939
-0.231336
-0.229885
-0.236332
-0.278995
-0.242543
-0.061765
-0.180775
-0.162065
-0.114626
-0.146935
-0.096407
-0.067001
-0.038440
-0.069916
0.055879
-0.076580
-0.055112
-0.015045
-0.118997
-0.079855
-0.189231
-0.149655
-0.157570
-0.211857
-0.124986
-0.202427
-0.230205
-0.124385
-0.223031
-0.160640
-0.234517
-0.146831
-0.186353
-0.165891
-0.293284
1.875885
1.908861
1.999742
1.945619
1.947400
1.869739
2.008022
2.018953
1.989270
2.079819
2.188963
2.144193
2.231490
2.159227
2.250683
2.271307
2.275954
2.386203
2.404186
2.405473
2.417080
2.544583
2.544314
2.525619
2.615943
2.563478
2.717943
2.642355
2.713306
2.630647
2.679651
2.659663
2.688624
2.587910
2.750798
2.682891
2.669226
2.756197
2.761646
2.616296
2.593472
2.511522
2.525613
2.591140
2.601551
2.545451
2.633531
2.529563
2.474236
2.586013
2.530752
2.561270
2.533190
2.596046
2.545824
2.643831
2.487277
2.516424
2.623126
2.639361
2.660703
2.718958
2.745981
2.771564
2.753268
2.813931
2.722402
2.919267
0.810920
0.787152
0.699218
0.812068
0.859445
0.878165
0.819929
0.847140
0.861512
0.967821
0.845156
0.762486
0.821078
0.783993
0.838594
0.802596
0.695804
0.710549
0.764564
0.604316
0.620587
0.600347
0.503818
0.586934
0.429224
0.411797
0.412098
0.384424
0.373204
0.260901
0.375281
0.277814
0.217821
0.202001
0.069214
0.171669
0.134922
0.143221
0.128816
0.243807
0.121362
0.232715
0.049211
0.208634
0.225652
0.127268
0.114344
0.288832
0.102324
0.187859
0.302762
0.324185
0.264454
0.181768
0.185187
0.300159
0.285860
0.177622
0.258209
0.148459
0.218446
0.172320
0.139674
0.111181
0.179207
0.106867
0.061477
0.019094
-0.011505
-0.149432
-0.077224
-0.122189
-0.179585
-0.185077
-0.151679
-0.215808
-0.266546
-0.285818
-0.263873
-0.452129
-0.429584
-0.433770
-0.481593
-0.447093
-0.513906
-0.386173
-0.494688
-0.475691
-0.384010
-0.515769
-0.471436
-0.342940
-0.369184
-0.397173
-0.367128
-0.422651
-0.265842
-0.303285
-0.263869
-0.307815
-0.153116
-0.267311
-0.172415
-0.197583
-0.130584
-0.183868
-0.054421
-0.109954
-0.121920
-0.064113
-0.038540
-0.035036
-0.017047
-0.032402
-0.122423
-0.097837
-0.027374
-0.111784
-0.145931
-0.062838
-0.095416
-0.151673
-0.107369
-0.153833
-0.248221
-0.151912
-0.225930
-0.254809
-0.261921
-0.207516
-0.167703
-0.212325
-0.200805
-0.216913
-0.178832
-0.166948
-0.180514
-0.174840
-0.075996
-0.068694
-0.008153
-0.027070
0.102990
0.085261
0.160760
0.177710
0.104400
0.180331
0.277019
0.382937
0.290770
0.344816
0.355250
0.424225
0.483880
0.458726
0.567599
0.598891
0.663800
0.548110
0.687352
0.623841
0.637069
0.617960
0.625263
0.579052
0.784926
0.593558
0.596515
0.673031
0.536948
0.561106
0.641995
0.514821
0.555785
0.467380
0.490203
0.518297
0.485867
0.477414
0.531327
0.464764
1.789606
1.723833
1.756616
1.846753
1.807610
1.730891
1.733599
1.806436
1.782016
1.819423
1.861049
1.905050
1.927280
1.996609
1.981072
1.955444
1.984618
2.065554
2.040295
2.081789
2.083092
2.096623
2.169309
2.094329
2.162194
2.077496
2.170198
2.107773
2.111119
2.106999
2.217000
2.103070
0.867275
0.803985
0.787530
0.701614
0.688917
0.675087
0.681059
0.529748
0.580538
0.505372
0.443858
0.425059
0.427807
0.387341
0.345599
0.298645
0.394813
0.207296
0.355497
0.271048
0.136475
0.224202
0.230727
0.198725
0.179557
0.125619
0.251340
0.150368
0.181386
0.163916
0.226462
0.185282
0.145937
0.227991
0.305828
0.213699
0.289834
0.317593
0.191706
-0.394363
-0.477239
-0.057446
-0.865246
-0.093213
-0.112134
0.102853
-0.101195
-0.295417
1.045243
-0.107056
-0.841408
0.570181
0.306080
1.122598
0.055063
-0.087095
-0.205124
0.254672
-0.966553
-1.084015
0.047261
-0.261938
-0.164182
-0.548940
-3.325170
-3.102302
-4.044064
-3.923655
-3.201655
-3.781580
-4.188481
-3.486727
-4.461292
-4.036591
-3.457732
-2.862292
-3.233454
-3.682996
-3.625777
-3.927689
-3.309009
-3.944535
-4.132152
-3.684231
-4.462066
-3.525747
-3.863276
-3.551604
-0.168084
-0.152449
-0.162185
-0.037198
-0.027574
-0.019475
-0.088745
-0.045698
-0.033241
-0.030399
-0.005455
0.004628
-0.037169
-0.057532
-0.101228
-0.061335
-0.049356
-0.074144
-0.074319
0.000223
-0.095652
-0.135861
-0.130377
-0.166071
-0.258885
-0.249184
-0.184719
-0.227743
-0.182927
-0.168440
-0.226322
-0.191896
-0.226337
-0.139608
-0.102245
-0.117170
-0.117327
-0.123339
-0.084676
-0.047899
0.019824
0.101314
0.149500
0.116673
0.110419
0.197974
0.265636
0.246356
0.346635
0.374026
0.472532
0.486906
0.483959
0.551282
0.576378
0.505322
0.598375
0.555159
0.594273
0.601580
0.605135
0.661498
0.641587
0.630063
0.769865
0.651880
0.610642
0.588235
0.666340
0.498628
0.607460
0.496129
0.528126
0.575897
0.505598
0.472954
0.580251
0.470245
0.428976
0.481624
0.502582
0.483834
0.462672
0.490976
0.460873
0.538531
0.552736
0.485228
0.568421
0.571617
0.607524
0.557908
0.708363
0.606252
0.626723
0.712810
0.713483
0.799038
0.857581
0.767713
0.843131
0.841238
0.876548
0.780876
0.832669
0.827231
0.767986
0.888385
0.817890
0.823585
0.817629
0.819803
0.799206
0.807558
0.794825
0.761888
0.762614
0.755774
0.669998
0.628633
0.497119
0.448417
0.443630
0.454181
0.383397
0.392802
0.385430
0.332869
0.294566
0.333748
0.277290
0.269031
0.236247
0.143031
0.240672
0.209588
0.145990
0.152575
0.142994
0.185060
0.236662
0.144194
0.066010
0.256285
0.311003
0.290854
0.257921
0.271688
0.326890
0.309348
0.270710
0.322249
0.260923
0.352418
0.307792
0.301790
0.270692
0.323764
0.329902
0.171890
0.160272
0.207321
0.056410
0.088966
0.117648
-0.018518
0.031745
-0.022399
-0.082555
-0.068946
-0.093777
-0.087014
-0.170009
-0.225017
-0.222238
-0.233259
-0.232018
-0.352425
-0.281711
-0.362114
-0.394155
-0.473435
-0.485306
-0.357005
-0.461079
-0.384950
-0.404251
-0.468805
-0.468221
-0.304516
-0.405897
-0.354194
-0.285779
-0.319194
-0.322666
-0.224657
-0.215776
-0.186633
-0.181717
-0.187842
-0.229092
-0.140128
-0.075981
0.009257
-0.008201
-0.057072
-0.101417
-0.075068
-0.048899
0.048614
-0.112993
-0.027963
-0.100244
-0.058942
-0.052810
-0.038916
-0.113792
-0.048952
-0.060003
-0.026134
-0.116196
-0.087736
-0.065480
-0.149947
-0.224122
-0.217801
-0.100421
-0.177352
-0.229981
-0.216777
-0.164694
-0.155842
-0.250911
-0.111644
-0.188371
-0.128701
-0.134153
-0.018439
-0.029472
-0.006159
0.005238
0.090522
0.102173
0.159699
0.129093
0.190392
0.320566
0.307971
0.302225
0.396146
0.505704
0.478325
0.496659
0.571056
0.473063
0.585901
0.515603
0.525097
0.604866
0.688825
0.664931
0.685260
0.678924
0.720116
0.639156
0.650383
0.651141
0.647281
0.646008
0.632104
0.549219
0.473838
0.512897
0.455354
0.571658
0.568174
0.512930
0.477969
0.620102
0.479941
0.526032
0.476860
0.475702
0.615542
0.490834
0.600304
0.554629
0.539391
0.694669
0.544258
0.532127
0.565376
0.689112
0.700851
0.745512
0.618982
0.790510
0.754915
0.728201
0.803456
0.872709
0.939272
0.954342
0.895389
0.858135
0.949388
0.835016
0.960424
0.907478
0.843671
0.766419
0.828505
0.873338
0.714893
0.730095
0.788098
0.697693
0.745538
0.658324
0.685703
0.587777
0.561273
0.504158
0.519245
0.470113
0.425610
0.426929
0.297589
0.417115
0.302373
0.281960
0.235947
0.293448
0.128243
0.184290
0.182179
0.225302
0.099633
0.273533
0.207456
0.163146
0.189405
0.139715
0.168530
0.172615
0.245714
0.280179
0.226398
0.291110
0.179384
0.186831
0.199368
0.328592
0.308459
0.256084
0.245008
0.246514
0.220354
0.263403
0.252041
0.130321
0.146995
0.184358
0.049154
0.060520
0.011367
-0.007946
0.024899
-0.051268
-0.108112
-0.103317
-0.159774
-0.252776
-0.258094
-0.179436
-0.206995
-0.347726
-0.333330
-0.341722
-0.372892
-0.335408
-0.308375
-0.354026
-0.298860
-0.446277
-0.409945
-0.437973
-0.405258
-0.350957
-0.412676
-0.447355
-0.351737
-0.367645
-0.289432
-0.288874
-0.294537
-0.264630
-0.265760
-0.157668
-0.121495
-0.070589
-0.162040
-0.041485
-0.069687
-0.120879
-0.060879
-0.025366
0.027599
0.012740
-0.099847
-0.053203
0.140469
-0.020975
0.016036
-0.005983
-0.038396
-0.117784
-0.013755
-0.088804
-0.150762
-0.113627
-0.153533
-0.112745
-0.092057
-0.224846
-0.128810
-0.135702
-0.139670
-0.119800
-0.130490
-0.136401
-0.276414
-0.258848
-0.075230
-0.128914
-0.069318
-0.043235
-0.022068
-0.019663
-0.106023
0.149305
0.108618
0.156615
0.170842
0.232864
0.297646
0.275985
0.296907
0.340715
0.393702
0.460314
0.397101
0.490059
0.522432
0.615379
0.600172
0.615640
0.702140
0.700872
0.704594
0.662813
0.736063
0.813582
0.694605
0.604589
0.616995
0.704239
0.610080
0.581133
0.540528
0.620951
0.499705
0.573587
0.605841
0.459212
0.576828
0.477379
0.529149
0.498156
0.498224
0.524276
0.577736
0.449346
0.507668
0.476681
0.475687
0.490163
0.577461
0.488859
0.659427
0.556533
0.642782
0.726402
0.828051
0.652109
0.768734
0.839747
0.743134
0.802620
0.771015
0.794798
0.817275
0.946810
0.827480
0.836048
0.932622
0.850322
0.846233
0.949748
0.927057
0.767514
0.830018
0.897915
0.847839
0.790168
0.859166
0.808262
0.695408
0.717360
0.754871
0.613264
0.623731
0.545924
0.571080
0.502411
0.446675
0.450985
0.298246
0.360706
0.323085
0.267333
0.205631
0.211178
0.247644
0.245849
0.282796
0.253308
0.240915
0.233849
0.232943
0.181736
0.247628
0.217448
0.207261
0.292239
0.236986
0.156419
0.288600
0.267231
0.279124
0.247507
0.258566
0.348510
0.366767
0.343115
0.351510
0.261140
0.235610
0.270988
0.155213
0.209316
0.263868
0.211724
0.190619
0.080967
0.057957
0.087582
-0.031311
-0.052052
-0.030922
-0.158195
-0.070954
-0.250138
-0.141768
-0.237509
-0.359064
-0.318464
-0.333693
-0.315411
-0.415105
-0.353312
-0.355213
-0.386279
-0.445318
-0.341941
-0.475251
-0.376592
-0.455220
-0.332024
-0.319838
-0.350921
-0.437340
-0.332846
-0.308005
-0.278350
-0.194529
-0.177297
-0.156203
-0.230557
-0.201260
-0.078953
-0.096253
0.066938
-0.016238
0.020161
-0.174154
-0.119219
0.056632
-0.009288
0.032307
0.034740
0.021571
1.487856
1.530777
1.438147
1.404429
1.407351
1.467565
1.517815
1.348184
1.423313
1.446856
1.274135
1.353153
1.359373
1.350007
1.319212
1.475141
1.369559
1.351022
1.311400
1.461067
1.447642
1.292993
1.339537
1.442419
1.417175
1.545726
1.445945
1.575526
1.637615
1.674824
1.632435
1.669121
1.764025
1.760313
1.810843
1.852513
1.872538
0.427968
0.446894
0.579596
0.659023
0.611048
0.571927
0.630693
0.557490
0.632404
0.623154
0.638530
0.670187
0.705272
0.618439
0.617183
0.722772
0.685194
0.589131
0.767597
0.520386
0.524096
0.600434
0.596623
0.607163
0.449883
0.546921
0.505825
0.548247
0.520801
0.566044
0.504992
0.406794
0.451897
0.482805
0.547702
0.514565
0.592315
0.579907
0.472194
0.582457
0.647747
0.662779
0.689702
0.770200
0.751908
0.739618
0.779669
0.769477
0.788197
0.840523
0.784989
0.929180
0.909452
0.842087
0.925093
0.900434
0.894220
0.896021
0.893376
0.967106
0.845412
0.914078
0.949404
0.941023
0.822683
0.825811
0.756756
0.815856
0.716775
0.633008
0.677528
0.666330
0.608535
0.614053
0.475065
0.510377
0.426453
0.333864
0.458614
0.377001
0.380320
0.288368
0.259959
0.237793
0.262221
0.226252
0.203118
0.239550
0.247195
0.201305
0.223678
0.252253
0.163410
0.262577
0.231467
0.266765
0.304386
0.266250
0.347716
0.364490
0.316190
0.284772
0.262102
0.320460
0.301481
0.257753
0.351924
0.262164
0.281250
0.226416
0.158792
0.248726
0.204242
0.250478
0.174267
0.081358
0.078993
0.014117
-0.008084
-0.063610
-0.031615
-0.048396
-0.097321
-0.111601
-0.222571
-0.205883
-0.243425
-0.324299
-0.338257
-0.228722
-0.409507
-0.361847
-0.469641
-0.421213
-0.356790
-0.376716
-0.321465
-0.531405
-0.419593
-0.368897
-0.332846
-0.382849
-0.236735
-0.331259
-0.340185
-0.309620
-0.147657
-0.259281
-0.139085
-0.174838
-0.180567
-0.095857
-0.103172
-0.171517
0.011058
-0.029664
-0.059350
-0.012506
-0.038153
-0.036696
-0.022068
-0.020778
0.061910
0.030207
-0.097974
0.019977
-0.025408
0.010363
-0.020431
-0.024575
-0.010796
0.001489
-0.133214
-0.200601
-0.076344
-0.182533
-0.096742
-0.170430
-0.154209
-0.064420
-0.199823
-0.229582
-0.212152
-0.145734
-0.049542
-0.098640
-0.083830
-0.087550
-0.012955
0.023147
0.084115
0.022678
0.123207
0.161556
0.187549
0.205016
0.238871
0.328048
0.460158
0.437362
0.366026
0.396005
0.609445
0.627742
0.604720
0.656430
0.640043
0.607552
0.597803
0.686739
0.766187
0.697196
0.596917
0.566041
0.663977
0.687899
0.738844
0.578718
0.669693
0.595761
0.579029
0.639558
0.614439
0.649022
0.458706
0.546201
0.472291
0.516208
0.530380
0.445340
0.587685
0.581311
0.513608
0.471795
0.574253
0.485023
0.615058
0.522377
0.571198
0.600323
0.592767
0.687054
0.616199
0.585911
0.742087
0.763834
0.770443
0.886528
0.771900
0.926744
0.831563
0.928259
0.938729
0.886163
0.873887
0.949365
0.985834
0.983172
0.910924
0.940136
0.890302
0.900978
0.898927
0.889998
0.875173
0.766783
0.732431
0.804094
0.715168
0.689759
0.690644
0.713779
0.649537
0.470413
0.490704
0.600071
0.453111
0.479671
0.385259
0.371389
0.306327
0.326546
0.320631
0.321664
0.262226
0.192257
0.281209
0.288490
0.221406
0.256418
0.215168
0.245854
0.399774
0.271352
0.320808
0.371760
0.258827
0.233735
0.361748
0.324207
0.318269
0.317978
0.400035
0.365193
0.341045
0.271475
0.349691
0.235809
0.222120
0.351661
0.202085
0.167912
0.144957
0.115426
0.186638
0.186336
0.123022
0.030916
0.021504
-0.005820
-0.012923
-0.070986
-0.079075
-0.160084
-0.128611
-0.231958
-0.213862
-0.237651
-0.282414
-0.375532
-0.316409
-0.291595
-0.399510
-0.311233
-0.363073
-0.376659
-0.375544
-0.375641
-0.365921
-0.429648
-0.278206
-0.404922
-0.349515
-0.352427
-0.290512
-0.303610
-0.175769
-0.195789
-0.103449
-0.103138
-0.148360
-0.099108
-0.028237
-0.109389
-0.030426
-0.055769
0.033180
0.003230
-0.057357
0.063813
-0.019877
-0.025758
-0.054191
0.042717
0.039185
0.031029
-0.059760
-0.101219
-0.094434
-0.044540
-0.041257
-0.082524
-0.106812
-0.071912
-0.162724
-0.082265
-0.105854
-0.127354
-0.098561
-0.191334
-0.072831
-0.169970
-0.065937
-0.253774
-0.101624
-0.124471
-0.112187
0.023854
-0.012541
0.026288
0.054985
0.089287
0.128510
0.116489
0.227402
0.213992
0.396643
0.277774
0.422768
0.500805
0.369549
0.464501
0.474897
0.535281
0.552162
0.608181
0.641025
0.717390
0.694228
0.599420
0.684839
0.712960
0.712167
0.763339
0.647424
0.663811
0.657929
0.592021
0.671819
0.721760
0.696190
0.600109
0.759337
0.635930
0.644305
0.526318
0.605253
0.613547
0.535497
0.463898
0.415408
0.494972
0.540297
0.461089
0.524218
0.479695
0.473678
0.583032
0.656301
0.632500
0.666291
0.598911
0.695278
0.670286
0.751612
0.828939
0.893206
0.849375
0.901488
0.895660
0.880791
0.944185
0.967632
0.890066
0.986207
0.879056
0.909179
0.911789
1.059748
0.808674
0.946466
0.936755
0.947666
0.900176
0.910308
0.846432
0.803213
0.789686
0.738972
0.659796
0.767951
0.558672
0.630720
0.487510
0.478426
0.515702
0.439450
0.468767
0.344595
0.389497
0.397571
0.296470
0.267796
0.273171
0.263962
0.298325
0.327760
0.291292
0.168992
0.205827
0.184884
0.291225
0.346498
0.179461
0.256857
0.267738
0.258434
0.346165
0.225309
0.383645
0.342324
0.334041
0.277088
0.366997
0.332348
0.327014
0.223624
0.318432
0.346927
0.358434
0.234891
0.297213
0.191996
0.245098
0.215050
0.167133
0.089883
-0.018972
0.027964
0.057293
-0.014319
-0.061181
-0.040803
-0.091615
-0.218225
-0.202602
-0.245442
-0.233422
-0.207506
-0.274525
-0.379722
-0.416140
-0.412731
-0.396073
-0.323864
-0.316443
-0.415551
-0.352813
-0.313624
-0.343771
-0.267689
-0.265505
-0.288319
-0.299620
-0.336127
-0.243290
-0.201785
-0.166030
-0.084878
-0.015718
-0.120091
-0.112495
-0.088888
-0.040712
0.028885
0.034636
0.004600
-0.012495
0.003794
0.040890
0.056275
0.026372
0.022092
0.010796
-0.054823
-0.030581
0.085036
-0.087121
-0.063627
-0.056987
-0.041151
-0.090883
-0.049655
-0.145426
-0.157646
-0.076568
-0.180484
-0.092819
-0.112466
-0.014080
-0.150019
-0.064693
-0.141443
-0.147655
-0.048096
-0.179119
0.046280
-0.018588
0.036386
0.068645
0.029590
0.141099
0.180836
0.198807
0.246815
0.292054
0.210795
0.254047
0.351257
0.500593
0.473705
0.447236
0.472881
0.584010
0.581979
0.596426
0.655965
0.555614
0.650237
0.710891
0.631897
0.641193
0.698702
0.770667
0.731604
0.707740
0.674598
0.642873
0.637407
0.635465
0.634885
0.564974
0.606931
0.680661
0.696177
0.615241
0.642134
0.652105
0.536300
0.485049
0.540712
0.523012
0.545180
0.530842
0.570262
0.611628
0.585076
0.547478
0.567489
0.694330
0.674220
0.664833
0.674152
0.689531
0.759785
0.714236
0.815111
0.919945
0.851498
0.812580
0.823658
0.867125
0.965448
0.964841
1.025238
0.964864
0.934154
0.957303
0.982954
0.998660
0.882908
0.890568
0.918515
0.903869
0.861980
0.830406
0.863988
0.822368
0.884449
0.714903
0.723211
0.629999
0.608140
0.664980
0.578469
0.594940
0.493999
0.519109
0.515845
0.291053
0.278611
0.000000
0.000000
0.000000
0.000000
0.000000
0.000000
0.000000
0.000000
0.000000
0.000000
0.000000
0.000000
0.000000
0.000000
0.000000
0.000000
0.000000
0.000000
0.000000
0.000000
0.000000
0.000000
0.000000
0.000000
0.000000
0.000000
0.000000
0.000000
0.000000
0.000000
0.000000
0.000000
0.000000
0.000000
0.000000
0.000000
0.000000
0.000000
0.000000
0.000000
0.000000
0.000000
0.000000
0.000000
0.000000
0.000000
0.000000
0.000000
0.000000
0.000000
1.000000
1.000000
1.000000
1.000000
1.000000
1.000000
1.000000
1.000000
1.000000
1.000000
1.000000
1.000000
1.000000
1.000000
1.000000
1.000000
1.000000
1.000000
1.000000
1.000000
1.000000
1.000000
1.000000
1.000000
1.000000
1.000000
1.000000
1.000000
1.000000
1.000000
1.000000
1.000000
1.000000
1.000000
1.000000
1.000000
1.000000
1.000000
1.000000
1.000000
1.000000
1.000000
1.000000
1.000000
1.000000
1.000000
1.000000
1.000000
1.000000
1.000000
