-0.052158
-0.000215
0.114502
0.211977
0.087161
0.207743
0.247915
0.275125
0.293160
0.411154
0.413669
0.353371
0.361955
0.427395
0.359675
0.361594
0.475710
0.475855
0.430136
0.448653
0.362031
0.311605
0.382061
0.400519
0.345175
0.344020
0.358161
0.316353
0.333534
0.351299
0.236337
0.359394
0.178379
0.325100
0.147356
0.241397
0.322750
0.269962
0.261080
0.277022
0.352612
0.332427
0.306529
0.317421
0.412683
0.398603
0.434253
0.349215
0.538329
0.485803
0.568392
0.610882
0.555933
0.592705
0.653902
0.651532
0.659178
0.660036
0.647033
0.664969
0.683736
0.737512
0.710169
0.618624
0.662992
0.612105
0.607524
0.521136
0.614807
0.555006
0.572583
0.501862
0.456567
0.534123
0.317351
0.293183
0.368287
0.314966
0.175075
0.140053
0.147459
0.208186
0.127419
0.146989
0.058171
0.077650
-0.062532
-0.032801
-0.106735
0.016829
-0.018996
-0.135644
-0.101242
-0.057265
0.000835
0.032920
-0.006236
0.001858
-0.059390
0.012710
0.011406
-0.019567
-0.025549
0.006418
0.031921
0.097019
0.068540
0.005769
0.054401
0.079253
-0.021702
-0.004229
0.161737
0.022024
0.001107
-0.073347
-0.116647
-0.050449
-0.207684
-0.175149
-0.161346
-0.237135
-0.246592
-0.258754
-0.385796
-0.382148
-0.402397
-0.430350
-0.499865
-0.469024
-0.570309
-0.584127
-0.490199
-0.637148
-0.589141
-0.612819
-0.577390
-0.665758
-0.645264
-0.615106
-0.631392
-0.729601
-0.668343
-0.559497
-0.650356
-0.600593
-0.566718
-0.681229
-0.505713
-0.554600
-0.511519
-0.488752
-0.404070
-0.394289
-0.360753
-0.367938
-0.350845
-0.326452
-0.380703
-0.228296
-0.289685
-0.295694
-0.260520
-0.265862
-0.194448
-0.235408
-0.141410
-0.354072
-0.283031
-0.279020
-0.301938
-0.331430
-0.304499
-0.241457
-0.334670
-0.375676
-0.273792
-0.441610
-0.372584
-0.429795
-0.439332
-0.385995
-0.440537
-0.385355
-0.425133
-0.435408
-0.462594
-0.241721
-0.371972
-0.342345
-0.449187
-0.249406
-0.190910
-0.203297
-0.194244
-0.209775
-0.103983
-0.170307
-0.070166
-0.011802
-0.006630
0.055015
0.124136
0.206952
0.209998
0.253509
0.299287
0.325127
0.285506
0.313836
0.278984
0.375310
0.245945
0.347637
0.375086
0.490394
0.477465
0.490910
0.430203
0.370569
0.481100
0.434169
0.398577
0.412903
0.462418
0.391381
0.342370
0.352810
0.446982
0.284919
0.231080
0.305127
0.256887
0.188595
0.270091
0.202120
0.210997
0.159401
0.227431
0.340742
0.325793
0.360119
0.248040
0.430118
0.387313
0.442718
0.432320
0.540099
0.510919
0.426974
0.567989
0.609429
0.573963
0.629930
0.654739
0.557443
0.651202
0.628204
0.704113
0.756142
0.666221
0.699425
0.777136
0.647881
0.715172
0.651423
0.611633
0.609727
0.579348
0.498514
0.558637
0.458937
0.425921
0.471079
0.438547
0.395512
0.354371
0.239926
0.242994
0.226338
0.221262
0.141100
0.152569
-0.005398
0.094582
0.018443
0.049984
0.030177
0.051153
-0.019811
0.037621
-0.012395
-0.041468
0.014903
-0.000088
0.010383
0.006420
-0.040650
-0.070272
-0.009170
-0.029931
-0.026350
0.025542
0.024979
0.024877
0.129349
0.014364
0.037512
0.052259
0.045116
0.053815
0.073504
0.021122
0.004478
0.018192
-0.004095
-0.016245
-0.122000
-0.105529
-0.118180
-0.126912
-0.144712
-0.256810
-0.211086
-0.346345
-0.311393
-0.398144
-0.389211
-0.452932
-0.507346
-0.543494
-0.552298
-0.519489
-0.552810
-0.627804
-0.662993
-0.584213
-0.655985
-0.597558
-0.792891
-0.615687
-0.644315
-0.641445
-0.699862
-0.568396
-0.582533
-0.524078
-0.578105
-0.518513
-0.461057
-0.453941
-0.561624
-0.528897
-0.411745
-0.324664
-0.371751
-0.257366
-0.310096
-0.338544
-0.217772
-0.287271
-0.252464
-0.274681
-0.251128
-0.241823
-0.201871
-0.236234
-0.261467
-0.256701
-0.259786
-0.300033
-0.246798
-0.279431
-0.310248
-0.252256
-0.382712
-0.335497
-0.344962
-0.302335
-0.348535
-0.417439
-0.353321
-0.359211
-0.453309
-0.339600
-0.397571
-0.392471
-0.454507
-0.378208
-0.372769
-0.226693
-0.328024
-0.239283
-0.246529
-0.202941
-0.193855
-0.102335
-0.175355
-0.080964
-0.107337
0.062248
0.039542
0.017310
0.167421
0.177240
0.169462
0.241685
0.210118
0.283425
0.346805
0.351766
0.420845
0.389083
0.413533
0.486052
0.472852
0.401199
0.451329
0.413400
0.430589
0.411426
0.355698
0.341948
0.387365
0.397352
0.369663
0.293038
0.420712
0.347963
0.315421
0.259252
0.335743
0.288100
0.323318
0.233659
0.265787
0.205096
0.311162
0.247185
0.210458
0.255746
0.273939
0.322319
0.353594
0.385336
0.389631
0.467665
0.418365
0.424216
0.468114
0.515492
0.580774
0.560456
0.490620
0.620616
0.603098
0.675156
0.632120
0.719294
0.727763
0.670656
0.687298
0.660286
0.743642
0.650196
0.625133
0.706129
0.568518
0.531738
0.585333
0.507153
0.566376
0.420639
0.481472
0.444488
0.379865
0.398127
0.313834
0.326874
0.196276
0.232290
0.137242
0.121037
0.147308
0.120126
0.096920
0.068261
0.100268
0.137897
-0.029599
-0.057309
-0.036443
0.004914
0.038115
-0.042212
-0.009518
0.041476
-0.010210
0.018276
-0.007778
0.070103
0.107250
0.078736
0.107459
0.058162
0.153906
0.075021
0.146925
0.138577
0.131783
0.005499
0.054203
0.105523
0.109385
-0.000787
-0.092927
-0.098862
-0.119539
-0.066479
-0.117006
-0.051424
-0.147821
-0.201612
-0.272983
-0.299575
-0.255337
-0.316984
-0.373657
-0.351352
-0.514786
-0.497345
-0.396024
-0.588908
-0.639742
-0.538503
-0.487505
-0.612755
-0.603889
-0.626804
-0.629901
-0.602204
-0.683499
-0.592362
-0.610909
-0.648038
-0.599263
-0.454492
-0.514693
-0.520757
-0.498137
-0.456266
-0.438417
-0.455796
-0.422049
-0.263975
-0.339877
-0.304663
-0.310624
-0.271571
-0.362790
-0.215194
-0.287264
-0.274016
-0.201225
-0.238271
-0.226369
-0.269796
-0.164231
-0.224918
-0.233406
-0.249433
-0.263722
-0.317818
-0.364225
-0.358024
-0.330119
-0.351933
-0.346109
-0.468135
-0.460541
-0.354348
-0.447308
-0.324878
-0.462075
-0.344040
-0.297061
-0.314536
-0.348326
-0.323274
-0.295934
-0.269233
-0.337158
-0.174466
-0.193953
-0.227238
-0.107373
-0.113782
-0.086943
-0.130965
-0.019439
0.032212
0.199377
0.070225
0.179544
0.153885
0.267736
0.214171
0.283293
0.302549
0.401595
0.346653
0.470438
0.443545
0.444977
0.434888
0.557196
0.439985
0.379995
0.502415
0.383047
0.429904
0.453663
0.394030
0.377885
0.410081
0.400135
0.401529
0.270751
0.224969
0.337884
0.512147
0.232125
0.305624
0.313567
0.207822
0.273024
0.347209
0.356145
0.379753
0.255146
0.293107
0.325960
0.409135
0.404293
0.420465
0.344596
0.398737
0.402173
0.506278
0.531509
0.491258
0.627391
0.602923
0.604834
0.722561
0.665231
0.636828
0.595991
0.736340
0.764187
0.642548
0.699123
0.772383
0.701105
0.762003
0.745409
0.624136
0.667574
0.647457
0.605237
0.649910
0.470057
0.400710
0.415650
0.396845
0.411988
0.314336
0.366747
0.284446
0.213862
0.208032
0.168019
0.128033
0.061312
0.170505
0.045293
0.063729
-0.030848
0.009470
-0.007442
0.028329
-0.052679
-0.046254
-0.060876
0.026417
0.039109
-0.031356
0.040330
0.020787
0.044399
0.074229
-0.019849
0.080410
0.120919
0.043416
0.086452
0.083694
0.047498
0.076122
0.039773
-0.004325
0.094738
0.155530
0.093219
0.116027
0.061607
-0.045461
-0.021935
-0.034391
-0.080152
-0.106388
-0.256036
-0.119849
-0.214081
-0.246846
-0.238859
-0.321491
-0.393350
-0.502277
-0.437673
-0.506704
-0.535293
-0.593724
-0.536878
-0.588218
-0.647564
-0.604991
-0.571526
-0.607227
-0.600015
-0.653799
-0.613801
-0.606605
-0.529132
-0.626016
-0.543624
-0.634830
-0.579698
-0.493321
-0.530165
-0.479645
-0.412137
-0.537380
-0.465710
-0.385837
-0.359982
-0.288456
-0.300026
-0.262892
-0.283078
-0.231989
-0.245508
-0.171973
-0.220422
-0.195288
-0.198718
-0.177800
-0.211263
-0.229466
-0.247920
-0.233978
-0.211566
-0.325830
-0.383014
-0.224477
-0.321012
-0.398956
-0.443999
-0.350814
-0.368993
-0.313561
-0.397196
-0.340940
-0.297290
-0.414364
-0.311411
-0.353926
-0.387840
-0.392472
-0.276622
-0.229893
-0.265879
-0.259339
-0.252142
-0.216303
-0.180597
0.016452
-0.127568
0.081166
0.025640
0.040933
0.097179
0.090595
0.212032
0.172441
0.250331
0.213053
0.279741
0.312874
0.373260
0.429702
0.452717
0.510609
0.450471
0.391954
0.482781
0.426332
0.436226
0.433793
0.465461
0.409544
0.416975
0.433451
0.502528
0.380413
0.386675
0.351690
0.349588
0.375552
0.373279
0.423582
0.404952
0.305999
0.330622
0.271830
0.323332
0.232647
0.297664
0.290022
0.289284
0.272521
0.284155
0.321995
0.381331
0.310283
0.327850
0.469386
0.463484
0.427823
0.464343
0.525948
0.603317
0.629686
0.610694
0.680482
0.692752
0.668623
0.682431
0.672803
0.673568
0.778876
0.652116
0.648038
0.702840
0.688480
0.696705
0.719214
0.654778
0.518176
0.583808
0.619737
0.422217
0.649368
0.497882
0.447001
0.371952
0.305895
0.338308
0.356963
0.186369
0.268177
0.270173
0.237489
0.185342
0.033722
0.031900
0.037553
0.018448
-0.013023
0.006915
-0.008709
-0.080179
-0.034684
0.128531
-0.028074
-0.003643
0.055690
0.078659
0.053589
0.077887
0.165849
0.114464
-0.122088
0.121397
0.083124
0.153501
0.110476
0.098362
0.021562
0.074666
0.167279
0.088909
0.106939
-0.007200
0.029992
0.077025
0.023930
0.045567
-0.199339
-0.090812
-0.198006
-0.100962
-0.162863
-0.183256
-0.267979
-0.276480
-0.380199
-0.404497
-0.377568
-0.502618
-0.442123
-0.448935
-0.391804
-0.506813
-0.618194
-0.632350
-0.610543
-0.636850
-0.619301
-0.581946
-0.571137
-0.581094
-0.579479
-0.501142
-0.562383
-0.601534
-0.636642
-0.472561
-0.485556
-0.425357
-0.443650
-0.417610
-0.372099
-0.393955
-0.259383
-0.247713
-0.404419
-0.216419
-0.282197
-0.240652
-0.170483
-0.196626
-0.275273
-0.235902
-0.305166
-0.321805
-0.325398
-0.181462
-0.210506
-0.221686
-0.357040
-0.262915
-0.131833
-0.185110
-0.288567
-0.319906
-0.370184
-0.304515
-0.325748
-0.378650
-0.368756
-0.289974
-0.376555
-0.371331
-0.434754
-0.305413
-0.289934
-0.300679
-0.276844
-0.266933
-0.217143
-0.289365
-0.354823
-0.191274
-0.128979
-0.135951
-0.083319
0.006222
0.000115
0.015184
0.052724
0.151330
0.156221
0.262098
0.192892
0.223544
0.215081
0.217860
0.354652
0.391621
0.264545
0.424026
0.444764
0.513624
0.477044
0.535399
0.548771
0.542247
0.441181
0.502373
0.525005
0.434589
0.399058
0.463862
0.376464
0.525239
0.407152
0.346403
0.351607
0.328422
0.427391
0.353419
0.293097
0.158229
0.358253
0.332172
0.379396
0.378240
0.353681
0.396796
0.354991
0.270960
0.376841
0.317576
0.380592
0.425016
0.407466
0.428361
0.536399
0.553649
0.573352
0.718401
0.574407
0.645504
0.624672
0.671524
0.613523
0.621299
0.697830
0.720631
0.701152
0.717412
0.724033
0.720610
0.749950
0.689881
0.660772
0.625142
0.603893
0.594348
0.633474
0.538446
0.536487
0.514301
0.383808
0.488234
0.368705
0.356115
0.146974
0.225414
0.260182
0.282842
0.131293
0.086336
0.134199
0.180638
0.143168
0.022849
-0.024077
0.000373
0.082005
-0.012770
-0.042742
-0.015024
0.043965
0.007591
0.011520
0.093887
-0.047544
0.087113
0.035905
0.088461
0.057778
0.081114
0.113795
0.068724
0.148381
0.207276
0.117493
0.079537
0.027567
0.055146
0.065440
0.091807
0.112491
0.064124
-0.090163
-0.069639
-0.078671
-0.171432
-0.135971
-0.181253
-0.184129
-0.196905
-0.288446
-0.293844
-0.369965
-0.311513
-0.333264
-0.428830
-0.452644
-0.431777
-0.487676
-0.505564
-0.513875
-0.535386
-0.519839
-0.541912
-0.565705
-0.658521
-0.526726
-0.647997
-0.580152
-0.582866
-0.557370
-0.539981
-0.574041
-0.611972
-0.483318
-0.328012
-0.494747
-0.436848
-0.285231
-0.419680
-0.280125
-0.214180
-0.134092
-0.214517
-0.280713
-0.194931
-0.269856
-0.138252
-0.238602
-0.102279
-0.207993
-0.219770
-0.202279
-0.192328
-0.283664
-0.178425
-0.217889
-0.255641
-0.260991
-0.280777
-0.291076
-0.219661
-0.316592
-0.288136
-0.323545
-0.300457
-0.270878
-0.303525
-0.340600
-0.285692
-0.356485
-0.377539
-0.419595
-0.388073
-0.423889
-0.287487
-0.236073
-0.229246
-0.224483
-0.230472
-0.232619
-0.131302
-0.120749
0.021514
-0.068729
0.067119
0.034518
0.054090
0.190867
0.210125
0.248304
0.209774
0.398132
0.289920
0.413408
0.349504
0.428079
0.441378
0.452069
0.456696
0.446511
0.443196
0.531748
0.457897
0.480508
0.559613
0.465612
0.421307
0.438570
0.377479
0.397582
0.459616
0.433349
0.415169
0.393664
0.373501
0.416859
0.439877
0.294472
0.370751
0.262978
0.313746
0.326275
0.435843
0.225850
0.411690
0.378673
0.340834
0.362019
0.341923
0.420476
0.411212
0.441786
0.443639
0.529356
0.631352
0.637897
0.526843
0.613526
0.722137
0.779119
0.710223
0.713739
0.708945
0.684923
0.736338
0.751113
0.706913
0.820048
0.719109
0.708542
0.718062
0.710704
0.695859
0.730014
0.578889
0.539777
0.513703
0.475537
0.473656
0.407651
0.413949
0.436498
0.338313
0.361392
0.265207
0.274257
0.286060
0.116101
0.178495
0.126378
0.122281
0.072990
0.038513
0.057857
0.052026
0.052191
0.037484
-0.037458
0.067556
0.012762
0.060109
0.047043
-0.014371
-0.035734
0.037146
0.064201
0.095071
0.093058
0.067037
0.125516
0.141711
0.094914
0.056209
0.079338
0.099167
0.111745
0.017878
0.138946
0.075470
0.074887
-0.035434
-0.043998
-0.026578
-0.032548
-0.054679
-0.129153
-0.090075
-0.166262
-0.249852
-0.249172
-0.291088
-0.334180
-0.358565
-0.427868
-0.422435
-0.410471
-0.547206
-0.585693
-0.567890
-0.484222
-0.535313
-0.653020
-0.563168
-0.616874
-0.550338
-0.623186
-0.616549
-0.589721
-0.581685
-0.529729
-0.559788
-0.531882
-0.461482
-0.492660
-0.457735
-0.467410
-0.492402
-0.368938
-0.310549
-0.271798
-0.312065
-0.233344
-0.269626
-0.126332
-0.211748
-0.198181
-0.184592
-0.139194
-0.258861
-0.172958
-0.314703
-0.120352
-0.242671
-0.102748
-0.146421
-0.164187
-0.214529
-0.230687
-0.285304
-0.249295
-0.250145
-0.250067
-0.275472
-0.285550
-0.308375
-0.344040
-0.356532
-0.331752
-0.404815
-0.355449
-0.361077
-0.344114
-0.315434
-0.396805
-0.210837
-0.255388
-0.263674
-0.203891
-0.146560
-0.165734
-0.144059
-0.093520
-0.069158
0.062715
0.003678
0.063110
0.004703
0.183324
0.178164
0.116439
0.312015
0.236900
0.324835
0.461239
0.374508
0.459331
0.417966
0.467808
0.390553
0.534223
0.471138
0.514097
0.489018
0.516498
0.469245
0.554538
0.504473
0.487974
0.512302
0.395119
0.561054
0.397129
0.398285
0.383157
0.415223
0.373455
0.365311
0.302933
0.433472
0.291134
0.292382
0.306234
0.397291
0.378834
0.291513
0.411106
0.361167
0.330729
0.347439
0.356541
0.414818
0.504379
0.554840
0.497153
0.533257
0.672121
0.613391
0.642947
0.660076
0.733373
0.723518
0.719479
0.724889
0.732868
0.685563
0.717506
0.665699
0.780746
0.720675
0.693633
0.747398
0.716758
0.646932
0.615886
0.665366
0.568535
0.676611
0.530551
0.492998
0.488365
0.422564
0.495342
0.358771
0.301285
0.395308
0.230097
0.269541
0.253070
0.060888
0.118376
0.052441
0.098573
0.057741
0.072058
0.114151
0.113696
0.048550
0.009947
0.061829
0.015713
0.077586
-0.047621
0.040938
0.087730
0.035413
0.124581
0.035937
0.093212
0.122126
0.196397
0.081663
0.163994
0.090556
0.055820
0.045485
0.123319
-0.027590
0.069709
0.039909
0.050409
-0.001766
-0.010543
0.048440
-0.021040
-0.090039
-0.102548
-0.166777
-0.282341
-0.263726
-0.287136
-0.295925
-0.346224
-0.312656
-0.380720
-0.466070
-0.467697
-0.482849
-0.539008
-0.507723
-0.552677
-0.570750
-0.522819
-0.642497
-0.593277
-0.607885
-0.596714
-0.518686
-0.518393
-0.503274
-0.518214
-0.459024
-0.460388
-0.542177
-0.408563
-0.508647
-0.332210
-0.456663
-0.336954
-0.305052
-0.406421
-0.210270
-0.358973
-0.178722
-0.184665
-0.236067
-0.075087
-0.178971
-0.271889
-0.162377
-0.168832
-0.116327
-0.177897
-0.152755
-0.107297
-0.212976
-0.221058
-0.291119
-0.265024
-0.344481
-0.267891
-0.266855
-0.239359
-0.337571
-0.222752
-0.355551
-0.212675
-0.357337
-0.307374
-0.402325
-0.366994
-0.218049
-0.293966
-0.294530
-0.351121
-0.264034
-0.194026
-0.267733
-0.306747
-0.100809
-0.158215
-0.084646
-0.105854
-0.032778
-0.076586
-0.016046
0.123342
0.142583
0.264112
0.284484
0.267271
0.329277
0.386431
0.362294
0.308463
0.425217
0.459840
0.433790
0.439153
0.463229
0.570602
0.490006
0.538922
0.571733
0.488576
0.525793
0.497308
0.486070
0.515266
0.515824
0.398728
0.482896
0.423091
0.402600
0.313883
0.401377
0.421187
0.317533
0.295637
0.366078
0.401200
0.325487
0.305300
0.389511
0.349948
0.458525
0.369304
0.435127
0.347982
0.474867
0.361122
0.397094
0.484700
0.458087
0.526751
0.485405
0.556520
0.646306
0.699395
0.517475
0.697709
0.675270
0.672107
0.714218
0.691123
0.908857
0.832628
0.803331
0.783641
0.736455
0.751516
0.729909
0.852519
0.737512
0.650683
0.641893
0.609873
0.588241
0.516863
0.524771
0.446059
0.458027
0.441156
0.408539
0.338290
0.250365
0.186027
0.201265
0.214430
0.229228
0.232973
0.101227
0.132319
0.068209
0.144361
0.087077
0.197933
-0.025031
0.041165
0.139293
-0.013139
0.077041
0.115303
0.080703
-0.053890
0.104945
0.097981
0.063816
0.097005
0.144169
0.222830
0.140285
0.225360
0.138653
0.101665
0.258964
0.078066
0.016387
0.180600
0.033072
0.051473
0.079828
0.060100
0.018155
0.067104
-0.025031
0.038341
-0.190189
-0.042974
-0.212149
-0.213056
-0.264243
-0.225677
-0.330880
-0.425234
-0.366390
-0.407784
-0.503170
-0.539749
-0.504293
-0.581310
-0.576451
-0.582693
-0.539008
-0.625829
-0.541202
-0.669670
-0.587979
-0.562703
-0.527939
-0.588945
-0.539566
-0.471535
-0.520818
-0.408360
-0.372003
-0.341439
-0.408022
-0.319846
-0.374694
-0.307956
-0.329408
-0.267903
-0.203328
-0.213094
-0.198281
-0.211122
-0.210549
-0.142045
-0.156701
-0.095681
-0.118406
-0.162001
-0.061566
-0.133943
-0.251903
-0.156328
-0.210338
-0.247684
-0.243872
-0.244894
-0.279632
-0.296661
-0.205476
-0.298577
-0.240289
-0.333492
-0.352383
-0.275828
-0.337779
-0.365374
-0.292790
-0.240245
-0.269578
-0.244231
-0.288292
-0.276435
-0.212030
-0.136302
-0.099909
-0.147577
-0.048214
-0.075965
-0.015923
0.000666
0.045427
0.126768
0.175250
0.129851
0.223933
0.179978
0.328628
0.380730
0.378384
0.287734
0.458689
0.393143
0.449301
0.419850
0.579099
0.508559
0.459260
0.521686
0.520047
0.495093
0.614977
0.424401
0.474348
0.521353
0.428928
0.461348
0.481436
0.386242
0.479277
0.447860
0.322354
0.359915
0.294406
0.379295
0.349570
0.398379
0.398114
0.353669
0.367563
0.393518
0.338348
0.406635
0.498406
0.440020
0.453869
0.413262
0.495443
0.479346
0.608466
0.582855
0.563325
0.556547
0.568076
0.633841
0.669139
0.668579
0.754248
0.747374
0.733750
0.704537
0.734232
0.761569
0.697046
0.825568
0.767615
0.700052
0.692332
0.762116
0.681601
0.710814
0.664558
0.594845
0.709213
0.550364
0.453424
0.478821
0.423065
0.426701
0.398724
0.290615
0.288892
0.264328
0.226512
0.279834
0.204418
0.220958
0.077901
0.168595
0.152990
0.128477
0.085972
-0.038357
0.046398
0.048677
0.178335
0.129682
-0.028149
0.059085
0.070350
0.112839
0.194579
0.083065
0.056573
0.134281
0.163505
0.120981
0.086375
0.130714
0.087975
0.187766
0.211439
0.162172
0.134561
0.160891
0.045887
0.071656
0.130059
0.126604
0.010231
-0.046032
0.036741
-0.106261
-0.188790
-0.079604
-0.178615
-0.147354
-0.228239
-0.267253
-0.307280
-0.386383
-0.457636
-0.418015
-0.485296
-0.416590
-0.578422
-0.421990
-0.550141
-0.562791
-0.537399
-0.590090
-0.697714
-0.589077
-0.532782
-0.536231
-0.492224
-0.556219
-0.482039
-0.494910
-0.432160
-0.463710
-0.456654
-0.441678
-0.335202
-0.380773
-0.231344
-0.347858
-0.220672
-0.271068
-0.295659
-0.155244
-0.295907
-0.155759
-0.094000
-0.238450
-0.177689
-0.225303
-0.074676
-0.123049
-0.123219
-0.124868
-0.107987
-0.224182
-0.194941
-0.211629
-0.185383
-0.257168
-0.240959
-0.276403
-0.304898
-0.304567
-0.261369
-0.330374
-0.286169
-0.317212
-0.300464
-0.255502
-0.353751
-0.322319
-0.231659
-0.248860
-0.332726
-0.226684
-0.155246
-0.231365
-0.187581
-0.086790
-0.030063
-0.059389
-0.048415
0.116189
0.103593
0.248546
0.266284
0.213971
0.171580
0.263035
0.235743
0.367678
0.419594
0.472130
0.454592
0.485626
0.414356
0.515833
0.509918
0.482716
0.549680
0.530183
0.491390
0.542446
0.594096
0.448106
0.484770
0.545079
0.496182
0.495977
0.391449
0.358037
0.390280
0.312266
0.359477
0.405240
0.444637
0.356740
0.290572
0.364624
0.364260
0.397681
0.399563
0.282048
0.368122
0.378153
0.406570
0.466695
0.499872
0.531513
0.539003
0.525298
0.529431
0.511713
0.580720
0.617627
0.635687
0.742467
0.771717
0.725361
0.742214
0.743248
0.674086
0.670387
0.741482
0.838350
0.693544
0.723159
0.795897
0.771757
0.727819
0.772266
0.679895
0.709398
0.697432
0.687953
0.611890
0.577383
0.398390
0.507936
0.432007
0.431568
0.350759
0.405619
0.299160
0.267405
0.269536
0.197842
0.126625
0.265942
0.215126
0.131246
0.065560
0.069872
0.100504
0.051720
0.024712
-0.071455
0.034722
0.095309
0.102064
0.097033
0.122444
0.076215
0.105629
0.109555
0.155693
0.167852
0.232155
0.155062
0.238768
0.075276
0.200636
0.141439
0.183925
0.149006
0.169295
0.243048
0.028508
0.132869
0.110333
0.059803
0.038275
0.040861
-0.048540
-0.002451
-0.053442
-0.136753
-0.157140
-0.228704
-0.291698
-0.278696
-0.335831
-0.382363
-0.424381
-0.463250
-0.445264
-0.514032
-0.455926
-0.478171
-0.523487
-0.545820
-0.366416
-0.485627
-0.496563
-0.515371
-0.530895
-0.558372
-0.361213
-0.579139
-0.449823
-0.465280
-0.381915
-0.386570
-0.411174
-0.471092
-0.329752
-0.223022
-0.217349
-0.305275
-0.212742
-0.141320
-0.178829
-0.203568
-0.176204
-0.014955
-0.247371
-0.102979
-0.180343
-0.070550
-0.123200
-0.116227
-0.200958
-0.133045
-0.092324
-0.172762
-0.111414
-0.245198
-0.307254
-0.274627
-0.229609
-0.206089
-0.200456
-0.248903
-0.239546
-0.277177
-0.293706
-0.195095
-0.346184
-0.228961
-0.235384
-0.293442
-0.380807
-0.334216
-0.287551
-0.202163
-0.216287
-0.130602
-0.212505
-0.093917
0.033079
0.017738
-0.041316
0.080862
0.026996
0.126332
0.161060
0.204834
0.233075
0.283993
0.317806
0.316659
0.363574
0.451740
0.432867
0.438309
0.482670
0.562244
0.495775
0.519669
0.497667
0.664456
0.561669
0.567716
0.588907
0.569193
0.474726
0.535163
0.569726
0.432399
0.424363
0.416866
0.556708
0.568101
0.381865
0.449896
0.395814
0.392114
0.368206
0.273173
0.368224
0.367965
0.379545
0.316683
0.389081
0.347089
0.450738
0.512990
0.387725
0.523060
0.544494
0.554148
0.588877
0.563536
0.622919
0.680649
0.587160
0.689418
0.638885
0.737060
0.703573
0.750477
0.839447
0.784308
0.818261
0.802938
0.793156
0.749713
0.745598
0.760140
0.736543
0.668990
0.688027
0.714503
0.739933
0.655305
0.742616
0.603171
0.655935
0.562562
0.458139
0.448352
0.380685
0.360881
0.416479
0.309767
0.280602
0.145909
0.197742
0.257795
0.145926
0.259308
0.188347
0.139858
0.178576
0.184642
0.087864
0.184912
0.112034
0.113392
0.028449
0.079563
0.142988
0.027846
0.138975
0.045809
0.125071
0.172956
0.083545
0.203723
0.161744
0.318622
0.103795
0.209368
0.222378
0.212604
0.175514
0.139946
0.098348
0.151019
0.157583
-0.023109
-0.091202
0.118141
0.036507
-0.076962
-0.120374
-0.089919
-0.230691
-0.232182
-0.224019
-0.352738
-0.194446
-0.317778
-0.347440
-0.488000
-0.383093
-0.496305
-0.493842
-0.496643
-0.483836
-0.467041
-0.518278
-0.600939
-0.567172
-0.475148
-0.641162
-0.599338
-0.531600
-0.470687
-0.382774
-0.478262
-0.421879
-0.377074
-0.402950
-0.397303
-0.340637
-0.350198
-0.339997
-0.322911
-0.244638
-0.226231
-0.240465
-0.096451
-0.156097
-0.132285
-0.122594
-0.052520
-0.055071
-0.064991
-0.059219
-0.092091
-0.117955
-0.186776
-0.169037
-0.189718
-0.183938
-0.150397
-0.242535
-0.163951
-0.171864
-0.268829
-0.209986
-0.200462
-0.271800
-0.326338
-0.266620
-0.245587
-0.396086
-0.307297
-0.327298
-0.248819
-0.310777
-0.268659
-0.314345
-0.231747
-0.219922
-0.185986
-0.112419
-0.145951
-0.054505
-0.023053
0.036793
0.048796
0.218067
0.092426
0.167164
0.162769
0.282368
0.324266
0.293178
0.328514
0.434664
0.495562
0.442568
0.496969
0.485229
0.480735
0.564876
0.536784
0.513154
0.511171
0.517998
0.526869
0.593787
0.582120
0.529780
0.519505
0.485958
0.480517
0.450132
0.410957
0.481933
0.439419
0.488396
0.480509
0.304598
0.446086
0.380711
0.428035
0.355294
0.420958
0.292319
0.456571
0.526483
0.416290
0.427321
0.452129
0.612534
0.539286
0.515232
0.482182
0.515622
0.564427
0.677666
0.642990
0.643881
0.621215
0.667623
0.692571
0.736405
0.776836
0.758454
0.710661
0.764381
0.811587
0.765801
0.829559
0.835564
0.827702
0.759447
0.714293
0.713050
0.652135
0.691023
0.713119
0.610052
0.590847
0.542607
0.478801
0.539563
0.434310
0.449949
0.317421
0.405717
0.346390
0.249972
0.203528
0.239476
0.232287
0.239037
0.239813
0.151492
0.145439
0.029751
0.171076
0.088707
0.027875
0.027558
0.106242
0.106941
0.032426
0.125055
0.160117
0.196406
0.238132
0.155113
0.270630
0.142105
0.235568
0.183589
0.185111
0.131921
0.228220
0.152025
0.193826
0.171705
0.217712
0.163308
0.106884
0.119510
0.224582
0.058363
0.023246
-0.029579
-0.084763
-0.081614
-0.097934
-0.164883
-0.163699
-0.286074
-0.275213
-0.220949
-0.246673
-0.336233
-0.421201
-0.399417
-0.473854
-0.490136
-0.499767
-0.416896
-0.608838
-0.547439
-0.556534
-0.538590
-0.550123
-0.574512
-0.470294
-0.394726
-0.613282
-0.491267
-0.494454
-0.350008
-0.429809
-0.406857
-0.373561
-0.342059
-0.296180
-0.190658
-0.361629
-0.211424
-0.165975
-0.144696
-0.102422
-0.101133
-0.093638
-0.208030
-0.096261
-0.178123
-0.196430
-0.169859
-0.042176
-0.100888
-0.238922
-0.124663
-0.170723
-0.175300
-0.226020
-0.164210
-0.158042
-0.108200
-0.231546
-0.160341
-0.197158
-0.257243
-0.328906
-0.249817
-0.261283
-0.359363
-0.247472
-0.325327
-0.243250
-0.265259
-0.197181
-0.274301
-0.242205
-0.146496
-0.139667
-0.163087
-0.080213
-0.130267
0.013960
0.030506
0.060824
0.079601
0.176143
0.196119
0.209187
0.225407
0.198971
0.355058
0.355544
0.440257
0.352465
0.440999
0.465454
0.551856
0.553910
0.611634
0.530516
0.638409
0.509038
0.627801
0.589101
0.509945
0.582748
0.519698
0.620788
0.457697
0.554199
0.502499
0.419205
0.418719
0.455404
0.488611
0.434789
0.406847
0.406958
0.290388
0.345340
0.377701
0.466847
0.413721
0.368222
0.408701
0.423421
0.469665
0.454593
0.477217
0.406646
0.507259
0.564992
0.512798
0.612358
0.666077
0.677718
0.698868
0.668782
0.693969
0.815554
0.705832
0.786574
0.734593
0.774941
0.799081
0.832870
0.802092
0.813270
0.750671
0.789577
0.670942
0.749568
0.910188
0.752814
0.735677
0.603651
0.679267
0.619380
0.515412
0.516348
0.425472
0.476346
0.412780
0.329523
0.414876
0.392437
0.393497
0.345286
0.207067
0.169827
0.151295
0.202180
0.041347
0.071667
0.105920
0.199754
0.081950
0.135072
0.066608
0.109139
0.080856
0.015957
0.054178
0.115705
0.038802
0.096034
0.122405
0.276381
0.121008
0.146367
0.114315
0.200578
0.183710
0.228003
0.287082
0.163047
0.193483
0.023032
0.170773
0.133505
0.166200
0.174962
0.108369
0.121979
-0.024285
0.086228
-0.065529
-0.113596
-0.081124
-0.157981
-0.209139
-0.219755
-0.271579
-0.211165
-0.280375
-0.352754
-0.469649
-0.467577
-0.511320
-0.495798
-0.431829
-0.503032
-0.452388
-0.480926
-0.599284
-0.461630
-0.497353
-0.543610
-0.521517
-0.419862
-0.474226
-0.418284
-0.417991
-0.373958
-0.404001
-0.332468
-0.273092
-0.288698
-0.362472
-0.263431
-0.123997
-0.233637
-0.236526
-0.168778
-0.151111
-0.115989
-0.198462
-0.065267
-0.061009
-0.124697
-0.131657
-0.105188
-0.189781
-0.178282
-0.087136
-0.135787
-0.231450
-0.098942
-0.122620
-0.247745
-0.254501
-0.251148
-0.176049
-0.248282
-0.206317
-0.305296
-0.303558
-0.212490
-0.245161
-0.270948
-0.102684
-0.307122
-0.298386
-0.299441
-0.176969
-0.127886
-0.080063
-0.115698
-0.085307
-0.060987
-0.029734
-0.025521
-0.015830
0.069640
0.181815
0.138389
0.253813
0.237574
0.346675
0.293263
0.366791
0.387424
0.476247
0.436900
0.529734
0.483682
0.533887
0.655195
0.517524
0.525900
0.589416
0.637682
0.586652
0.594807
0.521572
0.569069
0.534232
0.543790
0.605840
0.566917
0.467451
0.508481
0.405547
0.450106
0.519478
0.428157
0.448676
0.397800
0.422604
0.403268
0.381070
0.405215
0.422894
0.443864
0.388645
0.404709
0.461904
0.535969
0.530058
0.517259
0.473896
0.566839
0.583748
0.563232
0.734212
0.684289
0.748183
0.738023
0.779846
0.782162
0.761990
0.863282
0.718587
0.705911
0.927210
0.749030
0.891573
0.796472
0.781490
0.780682
0.780500
0.848916
0.749425
0.715202
0.675247
0.745431
0.724029
0.639102
0.547523
0.589661
0.526671
0.551851
0.416407
0.432168
0.365766
0.291046
0.371199
0.183295
0.280993
0.198467
0.297567
0.143113
0.167877
0.130152
0.145289
0.120127
0.150858
0.077869
0.030284
0.145040
0.128759
0.144659
0.125186
0.113671
0.074162
0.115844
0.195399
0.095337
0.172540
0.199382
0.207960
0.123294
0.239265
0.193021
0.141139
0.188003
0.194053
0.144658
0.169197
0.162278
0.108355
0.030608
0.069868
0.041187
0.061653
0.153385
0.332711
-0.401284
-1.203351
-0.153053
-0.043747
0.038918
-0.313746
-1.573488
-0.723906
0.570521
-0.594743
-0.444449
-1.286446
-0.445610
-0.145558
-0.996146
-0.940050
-0.509135
0.548575
-0.644475
-0.050881
-0.736671
-0.264310
-0.606809
-0.017614
-0.359291
-0.394003
-0.076618
-0.629658
-0.264872
-0.174495
0.284165
0.105476
0.473276
0.440164
0.182311
0.386940
-0.549164
0.279104
-0.382076
-0.910302
0.289334
0.288917
0.121724
-0.263387
0.207127
0.601684
0.574915
-1.312584
0.395603
-0.192774
-0.137294
-2.469622
-3.112299
-2.263740
-2.854526
-2.689991
-1.672947
-3.542321
-2.341962
-2.280827
-2.317919
-2.424165
-2.349711
-2.506119
-2.407935
-2.388642
-2.356476
-2.409229
-2.336221
-2.330140
-2.273556
-2.184110
-2.253836
-2.258742
-2.207321
-2.239272
-2.024755
-2.041364
-1.999624
-1.927546
-1.899046
-1.914365
-1.934556
-1.717744
-1.738254
-1.788607
-1.737864
-1.678986
-1.702600
-1.708985
-1.654789
-1.649490
-1.628079
0.608157
0.642927
0.563696
0.632961
0.594733
0.542153
0.517726
0.559231
0.651393
0.478282
0.549147
0.456034
0.426208
0.466613
0.457281
0.478418
0.475381
0.427236
0.495668
0.414774
0.366981
0.446197
0.534549
0.504918
0.464745
0.472383
0.501423
0.507746
0.606808
0.558199
0.602772
0.479884
0.659764
0.690859
0.678742
0.000000
0.639585
0.768386
0.283538
-0.466592
-0.420599
-0.302727
-0.057713
0.495195
1.289636
-0.810703
-0.595612
0.142922
-0.690712
0.284217
1.759273
0.412181
0.283646
-0.206014
-0.470794
0.082441
1.277787
2.073955
1.549868
-0.835392
-0.445350
-0.156677
0.377316
0.494093
0.810308
1.064513
-0.967029
0.019728
0.015341
1.350553
0.811254
0.051702
0.889236
-0.759565
-1.773931
-0.478929
0.224622
0.748785
0.674954
0.062092
-0.600358
-0.783350
-0.340744
0.373987
0.790045
0.575157
-0.099062
-0.694169
-0.734899
-0.188724
0.508169
0.799229
0.452009
-0.256194
-0.759795
-0.656609
-0.029042
0.621718
0.775963
0.310508
-0.402924
-0.794574
-0.551661
0.131819
0.010913
0.043213
-0.053319
-0.054802
-0.100291
-0.165505
-0.241731
-0.285108
-0.277349
-0.295663
-0.277812
-0.335685
-0.307688
-0.423792
-0.435012
-0.397472
-0.439798
-0.511702
-0.450483
-0.514380
-0.511337
-0.496566
-0.459550
-0.509441
-0.522611
-0.423657
-0.429016
-0.396524
-0.365765
-0.378957
-0.293932
-0.298070
-0.262866
-0.176146
-0.235926
-0.221110
-0.193431
-0.133763
-0.087234
-0.115751
-0.106289
-0.108994
-0.090450
-0.012207
-0.014231
-0.051922
-0.142417
-0.151552
-0.116526
-0.013813
-0.078905
-0.110920
-0.079878
-0.123844
-0.184700
-0.118477
-0.225436
-0.195793
-0.324350
-0.253742
-0.234940
-0.263380
-0.257696
-0.304813
-0.214812
-0.204153
-0.166297
-0.287940
-0.170436
-0.182631
-0.140465
-0.097648
-0.060436
-0.167030
-0.120871
-0.077869
0.009456
0.005615
0.078109
0.082603
0.081310
0.178557
0.221096
0.349185
0.306737
0.286336
0.350082
0.282928
0.360819
0.435301
0.531697
0.489631
0.516055
0.568251
0.630345
0.537726
0.521045
0.613688
0.693182
0.553509
0.606339
0.618672
0.474889
0.622242
0.673993
0.522263
0.505922
0.492342
0.614670
0.499825
0.526907
0.440104
0.431938
0.429808
0.466284
0.392397
0.379109
0.369462
0.343614
0.346825
0.420069
0.406028
0.525254
0.556529
0.537486
0.535147
0.480825
0.596900
0.548294
0.591892
0.534230
0.720856
0.667698
0.712278
0.815256
0.714261
0.737100
0.824050
0.759484
0.843827
0.843087
0.849196
0.792806
0.892474
0.836987
0.834096
0.860636
0.781456
0.815190
0.718879
0.737741
0.707980
0.683031
0.697958
0.582798
0.599252
0.492238
0.538107
0.389315
0.552855
0.321217
0.420921
0.274110
0.398227
0.298872
0.196778
0.223740
0.226753
0.193635
0.178834
0.110113
0.122323
0.220732
0.127027
0.199772
0.110047
0.118979
0.127342
0.090196
0.056056
0.136364
0.278750
0.169495
0.186354
0.232370
0.253031
0.258280
0.229955
0.173458
0.221208
0.264082
0.309687
0.216235
0.219264
0.197750
0.089916
0.096935
0.087728
0.160456
0.036395
0.025580
0.070276
-0.051831
-0.064759
-0.077167
-0.132536
-0.094446
-0.227069
-0.285762
-0.280836
-0.267599
0.000000
0.722512
0.620416
-0.189764
-0.783365
-0.482907
0.368696
0.799504
0.317834
-0.526582
-0.770007
-0.134618
0.654411
0.696557
-0.056282
-0.744886
-0.583347
0.243969
0.792842
0.436840
-0.417730
-0.795542
-0.265397
0.567648
0.752832
0.078805
-0.685163
-0.667150
0.112285
0.763569
0.543387
-0.296965
-0.798390
-0.388607
0.464695
0.787638
0.211645
-0.605900
-0.731927
-0.022602
0.712519
0.634438
-0.167731
-0.778468
-0.500734
0.348490
0.799981
0.338449
-0.509357
-0.775830
-0.156844
0.641149
0.707395
-0.033714
-0.736345
-0.598581
0.222346
0.789509
0.455600
-0.398288
-0.797607
-0.286613
0.551495
-1.759054
-1.777654
-1.698063
-1.716103
-1.590481
-1.571695
-1.539851
-1.575579
-1.488122
-1.482698
-1.391657
-1.317812
-1.372330
-1.309876
-1.230751
-1.209389
-1.161747
-1.231872
-1.161287
-1.179134
-1.169214
-1.459583
-0.212196
-1.692489
-0.772969
-0.713519
-0.899804
-0.862633
-1.568390
-2.335642
-1.660642
-1.023796
-0.812568
0.325723
0.164631
0.135750
0.245893
0.038917
0.482149
0.784902
0.480434
1.121974
1.269897
0.531292
0.828220
0.503828
0.496070
-0.417334
-0.051252
0.598892
1.058853
0.290652
-0.010985
0.394591
0.804411
0.099141
1.039328
0.777264
0.569145
0.470993
0.647070
0.396468
0.668376
1.270481
1.756653
1.068100
0.903549
0.955842
1.762673
1.013091
1.282813
1.292643
0.500371
0.813429
0.600386
1.037146
1.156973
1.287391
0.685249
0.660499
0.602288
0.592892
0.548232
0.557324
0.549462
0.461663
0.349233
0.365376
0.336974
0.314870
0.281173
0.261262
0.191705
0.165527
0.196441
0.193242
0.250070
0.133378
0.241897
0.135302
0.220253
0.107214
0.192774
0.144773
0.180517
0.154760
0.185282
0.271136
0.235092
0.192515
0.159439
0.148739
0.236356
0.231219
0.235761
0.308385
0.216507
0.145369
0.256446
0.236788
0.230133
0.234830
0.090926
0.066280
0.016080
0.079725
0.034053
-0.014401
0.014444
-0.037274
-0.101733
-0.162148
-0.157086
-0.241158
-0.297068
-0.273231
-0.264650
-0.365489
-0.404059
-0.473152
-0.411676
-0.421785
-0.437812
-0.428847
-0.451606
-0.392285
-0.463501
-0.439937
-0.527833
-0.388459
-0.407795
-0.355420
-0.415575
-0.391486
-0.439233
-0.364544
-0.185058
-0.366680
-0.304383
-0.253639
-0.225038
-0.297843
-0.197125
-0.112529
-0.025686
-0.091016
-0.167250
-0.123617
-0.051998
-0.030660
-0.041420
-0.124059
-0.119215
-0.046966
0.007309
0.017745
-0.115179
-0.107301
-0.069405
-0.084534
-0.120367
-0.171487
-0.115598
-0.204381
-0.174524
-0.166722
-0.156984
-0.167440
-0.156142
-0.278505
-0.186411
-0.274034
-0.174841
-0.245393
-0.085012
-0.205162
-0.162241
-0.096770
-0.142667
-0.147623
-0.083790
-0.012994
-0.005371
0.037714
0.114359
0.136829
0.231764
0.070148
0.204511
0.285772
0.258461
0.417299
0.387382
0.361175
0.448495
0.482158
0.489649
0.602536
0.605933
0.603502
0.654894
0.690316
0.579068
0.612922
0.618500
0.596097
0.500797
0.566067
0.540315
0.556445
0.527940
0.598716
0.546854
0.522446
0.557672
0.457990
0.458659
0.507600
0.441449
0.524386
0.568850
0.478425
0.457638
0.500102
0.486663
0.458224
0.451389
0.478507
0.453503
0.465840
0.556914
0.563416
0.530023
0.588680
0.590246
0.558262
0.745787
0.704005
0.686736
0.769191
0.812692
0.746585
0.820238
0.815122
0.719202
0.854983
0.778632
0.824119
0.809387
0.878506
0.864639
0.872660
1.003700
0.820531
0.730456
0.768645
0.743906
0.728241
0.773284
0.617869
0.669784
0.537193
0.563568
0.548984
0.387334
0.399172
0.326616
0.399721
0.379000
0.288221
0.213239
0.237226
0.181169
0.251957
0.208242
0.141275
0.162757
0.136471
0.118648
0.162570
0.175615
0.175401
0.146744
0.198057
0.214698
0.143798
0.196887
0.199987
0.187542
0.247172
0.187913
0.236085
0.236238
0.305125
0.210926
0.305002
0.185329
0.202024
0.286903
0.306881
0.204637
0.200281
0.209762
0.272629
0.254213
0.050851
0.063607
0.018592
0.019282
-0.047414
-0.039327
-0.064797
-0.030608
-0.192914
-0.122976
-0.227631
-0.292938
-0.374131
-0.252193
-0.379810
-0.343410
-0.332838
-0.463962
-0.406660
-0.435983
-0.404319
-0.529014
-0.399066
-0.419033
-0.373318
-0.494550
-0.479006
-0.404532
-0.373445
-0.302248
-0.325824
-0.282549
-0.272655
-0.308037
-0.224743
-0.157065
-0.166152
-0.087531
-0.132204
-0.134884
-0.141339
-0.180062
-0.040283
-0.087552
-0.039854
-0.007960
-0.029150
-0.086132
-0.126745
0.005420
-0.120006
-0.099155
-0.014166
-0.102644
-0.130617
-0.075814
-0.139454
-0.221831
-0.176278
-0.203819
-0.235231
-0.216573
-0.227094
-0.300665
-0.258028
1.949574
2.010110
1.940564
1.990240
2.028649
2.007033
1.998589
2.055536
2.087760
2.085119
2.147743
2.136028
2.141466
2.247138
2.270620
2.369703
2.391412
2.362814
2.460642
2.551000
2.613060
3.756529
3.911442
3.883171
3.888820
3.933406
3.974613
4.005095
4.034137
4.049274
4.075269
4.039112
4.085685
4.054739
4.100961
4.062423
3.970659
4.144650
4.040706
4.104158
4.060078
4.045042
3.995466
4.116624
3.998008
3.961424
3.933046
3.934151
3.977242
3.897621
3.956429
3.951351
3.813373
3.885171
3.981395
3.855850
3.928064
3.935601
3.950175
3.966538
4.054626
3.972719
3.996599
4.011421
4.107476
4.036573
4.238651
4.137360
2.040514
1.998073
2.093384
2.082870
2.097730
2.088079
2.141350
2.136950
2.148764
2.204275
2.241224
2.162797
2.057753
2.048613
2.044913
2.104593
1.966714
2.010191
0.712232
0.722625
0.739179
0.683656
0.654803
0.582810
0.641016
0.479730
0.531062
0.495648
0.484255
0.387496
0.417150
0.300455
0.271253
0.307927
0.285538
0.305877
0.209251
0.150838
0.236526
0.146255
0.185723
0.181065
0.172889
0.132530
0.279734
0.195891
0.161244
0.166486
0.260345
0.217203
0.304779
0.284085
0.275728
0.365004
0.198710
0.257189
0.305786
0.250635
0.231200
0.329170
0.228946
0.265302
0.122425
0.144437
0.231900
0.068018
0.120520
0.090637
0.088727
-0.014321
0.000000
0.799587
-0.051400
-0.796282
0.102588
0.789688
-0.153351
-0.779830
0.203482
0.766749
-0.252771
-0.750501
0.301015
0.731150
-0.348016
-0.708779
0.393579
0.683478
-0.437515
-0.655353
0.479643
0.624520
-0.519789
-0.591106
0.557788
0.555250
-0.593481
-0.517099
0.626722
0.476811
-0.657373
-0.434553
0.685307
0.390499
-0.710410
-0.344832
0.732577
0.297739
-0.751716
-0.249417
0.767750
0.200063
-0.780611
-0.149883
0.790245
0.099083
-0.796615
-0.047874
0.799692
-0.003533
-0.799465
0.054925
0.795935
-0.106090
-0.789115
-0.295891
-0.153634
-0.196571
-0.230023
-0.136308
-0.215643
-0.238871
-0.157396
-0.214325
-0.215488
-0.175411
-0.155557
-0.171255
-0.131609
-0.098860
-0.109434
-0.021031
-0.012164
-0.036096
0.083986
0.060352
0.104662
0.192678
0.188949
0.196842
0.335788
0.319512
0.337697
0.403806
0.492312
0.398063
0.452186
0.487986
0.615382
0.620573
0.584776
0.613979
0.587830
0.567206
0.631388
0.721729
0.668511
0.711327
0.675802
0.564933
0.667163
0.544587
0.652830
0.576221
0.528743
0.522654
0.560919
0.482356
0.507259
0.546709
0.609944
0.544607
0.503562
0.384804
0.472226
0.433600
0.511927
0.428394
0.446281
0.536506
0.475629
0.606900
0.513103
0.471064
0.622965
0.583696
0.658291
0.692383
0.758919
0.716252
0.815687
0.792233
0.765623
0.857090
0.963486
0.851167
0.917525
0.908113
0.933127
0.866943
0.913168
0.904038
0.851229
0.873508
0.829245
0.880261
0.818299
0.820263
0.866731
0.813104
0.751079
0.673503
0.638737
0.607157
0.582163
0.500658
0.443801
0.505915
0.372512
0.388334
0.400615
0.331938
0.332799
0.326380
0.166390
0.222669
0.267109
0.151174
0.150123
0.185557
0.189011
0.166052
0.132854
0.077245
0.269065
0.252666
0.233943
0.304555
0.093784
0.277238
0.302821
0.259653
0.196075
0.324576
0.313197
0.308466
0.324199
0.271567
0.319241
0.318007
0.265954
0.291290
0.245018
0.161856
0.195364
0.134490
0.152145
0.246257
0.080841
0.079345
0.026091
0.036027
-0.057131
-0.041004
-0.161140
-0.179171
-0.207113
-0.293590
-0.328798
-0.303316
-0.267843
-0.391696
-0.340368
-0.444805
-0.402911
-0.479627
-0.443880
-0.424717
-0.349340
-0.520797
-0.453023
-0.478113
-0.441077
-0.435782
-0.326757
-0.389701
-0.349368
-0.280790
-0.321931
-0.301420
-0.180182
-0.163091
-0.189535
-0.123547
-0.162376
-0.119507
-0.172288
-0.105457
0.040049
-0.111582
-0.104009
-0.039990
-0.072175
-0.063255
-0.073873
-0.104824
-0.049486
-0.134933
-0.100544
-0.137527
-0.162985
-0.072592
-0.097743
-0.037233
-0.091201
-0.156898
-0.123490
-0.181055
-0.247879
-0.096330
-0.226155
-0.119923
-0.184590
-0.152369
-0.188306
-0.185408
-0.138358
-0.070458
-0.195196
-0.136473
-0.109556
-0.025351
-0.031151
-0.031417
0.030873
0.096000
0.092238
0.128791
0.200239
0.112486
0.175867
0.386553
0.378089
0.391519
0.373134
0.423336
0.499443
0.511527
0.618152
0.621749
0.555153
0.519778
0.677963
0.692686
0.740362
0.617852
0.717982
0.666866
0.664143
0.725644
0.655169
0.647529
0.606362
0.733916
0.450651
0.537632
0.522376
0.503993
0.499321
0.480202
0.439845
0.554859
0.534626
0.518718
0.524517
0.495993
0.408327
0.572972
0.536161
0.472765
0.529079
0.574824
0.578379
0.625116
0.639184
0.667441
0.602499
0.677299
0.698994
0.724746
0.766301
0.796783
0.817185
0.827684
0.822114
0.761181
0.853237
0.952132
0.900211
0.904621
0.964675
0.905308
0.918251
0.855744
0.925799
0.904508
0.900262
0.776150
0.735114
0.667291
0.756620
0.677927
0.700197
0.707566
0.638892
0.546027
0.476653
0.497950
0.426623
0.360058
0.362406
0.401381
0.350644
0.278173
0.320602
0.257297
0.248150
0.248554
0.194758
0.205951
0.246348
0.146736
0.114866
0.197530
0.192925
0.238797
0.269939
0.000000
0.680083
0.716285
0.074332
-0.637996
-0.746290
-0.148021
0.590390
0.769838
0.220429
-0.537676
-0.786726
-0.290929
0.480310
0.796807
0.358913
-0.418788
-0.799995
-0.423792
0.353643
0.796260
0.485004
-0.285439
-0.785637
-0.542020
0.214764
0.768217
0.594346
-0.142232
-0.744150
-0.641530
0.068469
0.713644
0.683164
0.005886
-0.676964
-0.388628
-0.549026
-0.328444
-0.462756
-0.467821
-0.379120
-0.420585
-0.424111
-0.388306
-0.309604
-0.428723
-0.386077
-0.342587
-0.351077
-0.400269
-0.314802
-0.336160
-0.230605
-0.203503
-0.156336
-0.171324
-0.109919
-0.083061
-0.079506
-0.072413
-0.042734
-0.128349
0.067356
-0.036856
0.023488
0.057276
-0.089282
-0.050990
0.103478
-0.077875
0.064037
-0.074060
-0.030943
-0.046198
0.031961
-0.079930
-0.127083
-0.086344
-0.096620
-0.185757
-0.125794
-0.185663
-0.183598
-0.183786
-0.142594
-0.187019
-0.135228
-0.152852
-0.159391
-0.131075
-0.190153
-0.063122
-0.067694
-0.145020
-0.038522
0.022313
0.013877
-0.004270
0.168569
0.197671
0.277657
0.248361
0.284105
0.306138
0.337270
0.454691
0.412767
0.451442
0.574349
0.504959
0.582907
0.619132
0.552594
0.582858
0.686597
0.645593
0.613838
0.701414
0.666954
0.556637
0.661172
0.730981
0.632895
0.641927
0.674968
0.607271
0.640579
0.552396
0.596713
0.571077
0.583106
0.565147
0.480756
0.521054
0.616339
0.472622
0.479764
0.469333
0.494900
0.520987
0.509774
0.573979
0.547591
0.548542
0.544085
0.597794
0.612206
0.570398
0.665564
0.794891
0.722011
0.710028
0.813951
0.779850
0.819356
0.840664
0.859859
0.884596
0.907107
0.898087
0.894961
0.951989
0.983181
0.976907
0.867832
0.857932
0.827371
0.872724
0.916843
0.778356
0.760318
0.772961
0.792056
0.705005
0.620703
0.596738
0.619543
0.559427
0.479376
0.476684
0.441571
0.347411
0.376716
0.394653
0.257872
0.301336
0.385933
0.234125
0.203031
0.242385
0.211097
0.204406
0.247204
0.288780
0.146926
0.144188
0.152327
0.133882
0.179159
0.278871
0.260831
0.226179
0.254117
0.415230
0.142752
0.238366
0.248224
0.264038
0.259532
0.311922
0.363121
0.222639
0.280448
0.273302
0.176555
0.297185
0.179065
0.229474
0.185471
0.118309
0.074645
0.093017
0.008311
-0.069471
-0.012825
-0.097333
-0.058639
-0.119241
-0.211767
-0.175324
-0.282017
-0.229843
-0.263366
-0.384858
-0.318518
-0.392725
-0.316727
-0.349797
-0.389642
-0.419318
-0.485941
-0.383698
-0.497291
-0.417451
-0.362435
-0.394976
-0.378335
-0.445288
-0.312140
-0.334272
-0.224133
-0.261086
-0.287892
-0.221046
-0.142941
-0.116471
-0.042919
-0.071637
-0.124098
-0.041368
-0.053670
-0.054395
-0.017026
-0.043004
0.010549
-0.040199
0.014458
-0.015625
-0.023490
0.024127
-0.035706
-0.043501
-0.003037
-0.068740
-0.074406
-0.120605
-0.070499
-0.122744
-0.097989
-0.138828
-0.182575
-0.149785
-0.166975
-0.136823
-0.171012
-0.133391
-0.257152
-0.106439
-0.054123
-0.150997
-0.133558
-0.103964
0.021992
-0.045572
-0.067268
0.039135
-0.012579
0.037023
0.150243
0.163113
0.260449
0.248431
0.221497
0.240925
0.407448
0.357381
0.525936
0.508794
0.531387
0.563909
0.619325
0.650049
0.588737
0.668617
0.659370
0.723764
0.696255
0.633496
0.740050
0.782341
0.678328
0.607959
0.667517
0.706196
0.625516
0.762906
0.599795
0.523332
0.562590
0.569969
0.533451
0.481851
0.525001
0.652383
0.547693
1.392636
0.704623
0.217000
-0.094273
0.967130
0.513596
-0.122703
0.748472
0.549676
0.779877
0.121208
0.367622
1.215292
0.809909
0.888988
1.526789
0.666710
0.089865
0.662714
0.557923
0.691506
0.674372
0.411333
0.990901
0.439960
1.216805
1.757635
1.365049
1.110953
0.672666
1.344209
-0.226133
1.352850
0.767847
0.774840
0.844334
0.733232
0.763163
0.719847
0.641357
0.700562
0.690929
0.607377
0.534745
0.570964
0.521353
0.417678
0.470346
0.426283
0.331927
0.334442
0.256416
0.282442
0.217184
0.255886
0.251443
0.247148
0.206466
0.256348
0.120351
0.156792
0.303616
0.214300
0.180489
0.348832
0.241415
0.287949
0.248240
0.315383
0.236611
0.318469
0.324070
0.314635
0.284474
0.383556
0.253281
0.297265
0.286313
0.346342
0.299405
0.269471
0.203554
0.226707
0.159479
0.154765
0.061925
2.008034
1.937457
1.927639
1.867358
1.357534
1.842799
1.308089
1.188810
1.679056
1.511851
1.108064
0.840611
1.186174
1.265207
1.017475
1.180324
0.755764
2.304775
1.736057
1.551977
1.581273
0.816849
2.415345
1.958096
0.983303
1.528430
1.171399
1.287396
1.719911
1.824316
1.931619
1.364982
1.353230
1.764384
1.694416
1.422906
1.382194
2.152260
2.804797
1.099182
2.071770
0.689437
1.587708
1.499333
0.678046
1.100624
1.650170
1.499414
2.123218
2.089765
1.698712
1.136555
2.667799
1.699368
1.807872
2.817069
0.712286
1.598499
1.924316
1.344359
1.449818
1.557642
1.766157
1.700805
1.750018
1.719200
1.750824
1.716283
1.848154
1.908462
1.787456
1.910316
0.047764
-0.014641
-0.003489
0.080204
0.159152
0.160457
0.145254
0.247955
0.224894
0.385340
0.285170
0.354565
0.397131
0.489390
0.482695
0.402417
0.510835
0.619557
0.590521
0.695941
0.666928
0.635873
0.673735
0.731213
0.671973
0.663691
0.775711
0.632413
0.700745
0.635038
0.609222
0.724683
0.647646
0.637671
0.609067
0.591910
0.602215
0.599176
0.592888
0.609861
0.441213
0.535321
0.515945
0.545666
0.488667
0.590066
0.616412
0.530580
0.512014
0.523652
0.663902
0.583546
0.666526
0.628731
0.691952
0.728561
0.741344
0.782418
0.749595
0.775560
0.775616
0.759812
0.928652
0.955635
0.952812
0.893764
0.959690
0.964865
0.963342
0.922296
0.937864
0.941789
0.966741
0.946281
0.808012
0.847804
0.774732
0.831989
0.780437
0.793608
0.702505
0.647315
0.638433
0.592832
0.588711
0.500330
0.533744
0.533127
0.306830
0.415605
0.344547
0.421852
0.319138
0.299274
0.335372
0.308539
0.255120
0.324871
0.250096
0.240078
0.254173
0.291218
0.254090
0.232834
0.167643
0.280958
0.265450
0.303651
0.199630
0.164433
0.238144
0.345177
0.350551
0.320721
0.362437
0.328341
0.270145
0.275471
0.337904
0.360933
0.325391
0.250340
0.277528
0.281104
0.238586
0.172570
0.080628
0.178147
0.101528
0.120067
-0.064653
0.017692
0.012845
-0.098177
-0.046699
-0.175427
-0.113249
-0.266006
-0.271419
-0.246816
-0.288623
-0.368911
-0.353050
-0.342498
-0.433663
-0.412299
-0.428422
-0.359300
-0.442421
-0.431176
-0.362156
-0.349222
-0.360127
-0.320422
-0.337379
-0.294272
-0.264524
-0.335131
-0.177915
-0.220515
-0.032629
-0.071671
-0.136143
-0.047748
-0.043360
-0.017185
-0.130247
0.080652
-0.032125
0.025659
0.073081
-0.044356
0.033278
-0.008532
-0.009526
0.029592
-0.004697
-0.042236
0.079493
-0.097173
0.032721
-0.006522
-0.074484
-0.081700
-0.083081
-0.113446
-0.082840
-0.053497
-0.116166
-0.158475
-0.184092
-0.238296
-0.200466
-0.140032
-0.048382
-0.155093
-0.039205
-0.135032
-0.121430
-0.067724
-0.036775
0.052777
0.089054
0.032139
0.101521
0.179847
0.175903
0.177592
0.234043
0.326090
0.347880
0.418052
0.418359
0.505349
0.508715
0.625995
0.507700
0.625671
0.661660
0.680481
0.586656
0.765405
0.661076
0.769984
0.716138
0.710101
0.724019
0.638175
0.693497
0.768935
0.674825
0.695815
0.662618
0.648845
0.632590
0.626156
0.519971
0.583322
0.517999
0.535908
0.518647
0.474966
0.492096
0.526213
0.468121
0.484049
0.590929
0.567367
0.539057
0.559158
0.573087
0.628179
0.611363
0.678186
0.710125
0.696978
0.773540
0.715916
0.791356
0.777410
0.819248
0.848572
0.848247
0.824046
0.872061
0.818838
0.885054
0.871191
0.946055
0.934040
0.899504
0.911082
0.925236
0.913424
0.911858
0.895436
0.868962
0.808376
0.850970
0.805841
0.678358
0.713933
0.641373
0.626412
0.610897
0.611683
0.579326
0.521833
0.444692
0.433890
0.368986
0.387677
0.215878
0.289231
0.222496
0.286141
0.204506
0.207023
0.313701
0.260043
0.259510
0.337471
0.287066
0.332171
0.221441
0.291279
0.283492
0.329644
0.358054
0.366050
0.283555
0.284429
0.269420
0.365617
0.327780
0.311606
0.302962
0.340203
0.310506
0.294828
0.297508
0.304436
0.214052
0.265639
0.262518
0.187025
0.109556
0.167037
0.096442
0.029991
0.011724
0.002768
-0.028716
-0.080648
-0.032915
-0.185687
-0.193387
-0.218622
-0.284266
-0.324977
-0.219191
-0.353672
-0.314852
-0.312824
-0.356458
-0.328840
-0.387945
-0.361710
-0.401650
-0.343894
-0.326667
-0.329639
-0.311846
-0.381347
-0.268962
-0.285244
-0.342473
-0.164254
-0.174141
-0.106565
-0.155296
-0.059369
-0.186163
-0.017093
-0.098784
-0.015575
-0.033965
-0.000161
-0.000639
0.047526
-0.019729
0.070730
-0.022663
0.049614
-0.003210
0.122584
0.090235
-0.006337
0.076691
0.072387
-0.011963
-0.008430
-0.155136
-0.051178
-0.107342
-0.077107
-0.034936
-0.131902
-0.069364
-0.204440
-0.113462
-0.164611
-0.100887
-0.183186
-0.001317
-0.158104
-0.016381
-0.079737
-0.092986
-0.073398
-0.025255
0.029583
0.099489
0.083326
0.275277
0.331987
0.104142
0.259391
0.232942
0.309642
0.416015
0.399383
0.423945
0.535287
0.484392
0.558504
0.568151
0.558019
0.664596
0.663210
0.688745
0.669222
0.664352
0.666187
0.807540
0.756374
0.713272
0.735157
0.686168
0.732702
0.679396
0.645973
0.740888
0.604370
0.665210
0.604734
0.545788
0.547706
0.583736
0.606302
0.472888
0.515302
0.555802
0.571784
0.590445
0.616743
0.568072
0.608357
0.571785
0.574888
0.635840
0.685142
0.668852
0.628306
0.612040
0.679135
0.791181
0.756192
0.841197
0.870115
0.825158
0.763905
0.764008
0.931183
0.897323
0.989930
0.900211
0.837007
0.948673
0.953348
1.004858
0.948631
0.988964
1.009066
0.811637
0.997584
0.810225
0.812035
0.862737
0.792831
0.822668
0.792475
0.705891
0.704971
0.618113
0.497548
0.550872
0.594887
0.512235
0.534828
0.392531
0.363844
0.432405
0.362244
0.376664
0.254687
0.230457
0.322412
0.307148
0.261703
0.302354
0.288690
0.329890
0.218934
0.252367
0.196700
0.291027
0.292733
0.282315
0.260808
0.369549
0.371248
0.293057
0.331924
0.378998
0.378833
0.169260
0.273462
0.278644
0.411509
0.374821
0.391964
0.264361
0.240071
0.134142
0.189742
0.154964
0.120396
0.074924
0.061980
0.084557
-0.001627
0.046481
-0.074777
-0.075328
-0.066243
-0.213695
-0.198714
-0.163217
-0.242830
-0.358856
-0.298211
-0.298889
-0.261596
-0.365155
-0.362933
-0.509269
-0.476060
-0.355763
-0.355208
-0.364179
-0.384634
-0.373902
-0.365257
-0.334612
-0.221194
-0.201652
-0.301104
-0.188002
-0.249392
-0.193486
-0.134104
-0.150181
-0.086208
-0.060157
-0.078186
-0.012246
0.015813
-0.040598
0.030627
0.041796
0.161188
0.036269
0.034694
-0.013234
-0.029653
0.070366
0.070823
0.091155
-0.046856
-0.011158
-0.063488
0.006042
-0.035882
-0.119375
-0.030422
-0.011123
-0.093858
-0.093715
-0.030633
-0.207725
-0.030062
-0.043318
-0.128244
-0.080364
-0.133090
-0.114614
-0.044717
0.033165
0.000000
0.000000
0.000000
0.000000
0.000000
0.000000
0.000000
0.000000
0.000000
0.000000
0.000000
0.000000
0.000000
0.000000
0.000000
0.000000
0.000000
0.000000
0.000000
0.000000
0.000000
0.000000
0.000000
0.000000
0.000000
0.000000
0.000000
0.000000
0.000000
0.000000
0.000000
0.000000
0.000000
0.000000
0.000000
0.000000
0.000000
0.000000
0.000000
0.000000
0.000000
0.000000
0.000000
0.000000
0.000000
0.000000
0.000000
0.000000
0.000000
0.000000
1.000000
1.000000
1.000000
1.000000
1.000000
1.000000
1.000000
1.000000
1.000000
1.000000
1.000000
1.000000
1.000000
1.000000
1.000000
1.000000
1.000000
1.000000
1.000000
1.000000
1.000000
1.000000
1.000000
1.000000
1.000000
1.000000
1.000000
1.000000
1.000000
1.000000
1.000000
1.000000
1.000000
1.000000
1.000000
1.000000
1.000000
1.000000
1.000000
1.000000
1.000000
1.000000
1.000000
1.000000
1.000000
1.000000
1.000000
1.000000
1.000000
1.000000
