-0.0364
0.4853
0.7586
0.7354
0.6681
0.7370
0.7827
0.9161
1.0624
1.0574
0.7960
0.2286
-0.1018
-0.3423
-0.3446
-0.4200
-0.4312
-0.7914
-1.0693
-1.3312
-1.1768
-0.8267
-0.4577
-0.1690
-0.1318
-0.1626
0.0365
0.2997
0.6465
1.1073
1.2064
1.0690
0.9038
0.5271
0.5823
0.5751
0.5921
0.4383
0.0339
-0.5396
-0.8444
-0.9994
-0.9676
-0.7562
-0.6365
-0.7371
-0.9386
-1.0365
-0.6918
-0.2061
0.2708
0.5804
0.6301
0.5508
0.5214
0.6216
1.0150
1.2261
1.2252
0.8338
0.4899
0.1784
-0.1053
-0.1284
-0.1181
-0.1937
-0.6915
-1.0248
-1.3147
-1.2599
-0.9535
-0.5424
-0.3020
-0.3292
-0.3977
-0.1678
-0.0072
0.4532
0.8303
1.2066
1.1296
0.9888
0.6203
0.7432
0.7740
0.8626
0.5782
0.3289
-0.2162
-0.6625
-0.7901
-0.8088
-0.6992
-0.7130
-0.9605
-1.0381
-1.0772
-0.9542
-0.4643
-0.0274
0.3089
0.3475
0.3074
0.4447
0.6066
1.0522
1.2349
1.2285
1.0963
0.6719
0.3317
0.1931
0.0927
0.1029
-0.0842
-0.5222
-0.9139
-1.1305
-1.2050
-1.0653
-0.7943
-0.4686
-0.5589
-0.6443
-0.5549
-0.3084
0.3198
0.6967
1.0454
0.9771
0.8924
0.7184
0.7904
0.9408
1.0362
0.8977
0.4866
0.0909
-0.4632
-0.6025
-0.5870
-0.5158
-0.6338
-0.8364
-1.1366
-1.3226
-1.0784
-0.7396
-0.3339
0.0506
0.1546
0.1449
0.2176
0.3534
0.7763
1.2843
1.2381
1.1430
0.7403
0.4820
0.3216
0.3962
0.3667
0.1447
-0.2905
-0.7046
-1.1236
-1.1180
-0.8510
-0.6960
-0.6227
-0.7184
-0.9116
-0.8403
-0.4191
-0.0395
0.4483
0.7659
0.7616
0.6528
0.6561
0.7189
0.9452
1.1003
1.0891
0.7063
0.2290
-0.1373
-0.3670
-0.3820
-0.3297
-0.4446
-0.7820
-1.1084
-1.3296
-1.2286
-0.8059
-0.4278
-0.1665
-0.1045
-0.1279
-0.0090
0.2940
0.7301
1.0738
1.3129
1.1396
0.8837
0.6265
0.5483
0.5510
0.6377
0.5601
-0.0139
-0.4947
-0.9026
-1.0295
-0.8276
-0.7814
-0.7293
-0.9003
-1.0124
-1.0624
-0.6847
-0.1087
0.2162
0.4578
0.6569
0.5180
0.6168
0.7024
0.9664
1.2079
1.2352
0.8893
0.4328
0.0657
-0.1728
-0.1055
-0.2229
-0.3175
-0.6024
-1.0198
-1.2452
-1.2358
-0.8926
-0.5635
-0.3698
-0.3052
-0.3413
-0.3145
-0.0531
0.5028
0.9464
1.1913
1.0344
0.8225
0.7128
0.6667
0.6762
0.8411
0.5680
0.2082
-0.1879
-0.5694
-0.8831
-0.7870
-0.6681
-0.6007
-0.8925
-1.1051
-1.0594
-0.9378
-0.4456
-0.0880
0.2839
0.2959
0.2988
0.4340
0.6073
0.9351
1.1951
1.2637
1.0500
0.6895
0.1640
0.0920
0.1333
0.1043
-0.0555
-0.4442
-0.9159
-1.2236
-1.2291
-0.9406
-0.7531
-0.5550
-0.5452
-0.5339
-0.5562
-0.1866
0.3103
0.7131
0.9665
0.9580
0.8081
0.7483
0.7593
0.9166
0.9488
0.8319
0.6055
-0.0137
-0.4566
-0.5311
-0.5737
-0.5071
-0.6193
-0.8681
-1.1367
-1.3127
-1.0833
-0.6697
-0.1547
0.0481
0.0135
0.1138
0.3263
0.4933
0.8038
1.2152
1.2534
1.0448
0.7572
0.4826
0.2596
0.3107
0.3604
0.1467
-0.2182
-0.7787
-1.0273
-1.1986
-0.9002
-0.8493
-0.7132
-0.6933
-0.7315
-0.7585
-0.4551
0.0009
0.4319
0.7497
0.7541
0.6502
0.6787
0.7073
0.9983
1.0743
1.0778
0.6935
0.3083
-0.1510
-0.2981
-0.4059
-0.3504
-0.5271
-0.7953
-1.1256
-1.3268
-1.2464
-0.9150
-0.5670
-0.2421
-0.0872
-0.2101
-0.1122
0.3367
0.6527
1.0949
1.2757
1.1613
0.7760
0.6008
0.4551
0.7101
0.5229
0.3654
-0.0472
-0.5731
-0.8126
-0.8839
-0.9286
-0.8138
-0.8174
-0.8331
-0.9903
-1.0096
-0.7052
-0.2289
0.2507
0.5254
0.5568
0.5877
0.5525
0.7609
1.0375
1.1457
1.1256
0.8629
0.4048
0.1134
-0.0917
-0.0704
-0.1138
-0.2849
-0.5804
-1.0115
-1.2714
-1.1586
-0.9453
-0.6250
-0.4340
-0.3164
-0.3170
-0.2950
0.0795
0.3833
0.9163
1.1348
1.0449
0.9871
0.6865
0.6499
0.7718
0.7222
0.6226
0.3047
-0.2869
-0.7020
-0.7569
-0.7035
-0.6444
-0.7126
-0.8798
-1.1214
-1.1865
-0.9713
-0.5127
-0.0659
0.2143
0.3898
0.3633
0.4771
0.5764
0.9659
1.2482
1.2621
1.0722
0.6791
0.3117
0.1208
0.1075
0.0408
-0.1159
-0.4887
-0.9569
-1.1753
-1.1570
-1.0434
-0.7023
-0.6036
-0.5696
-0.6464
-0.5111
-0.2685
0.2993
0.7040
0.9445
0.9118
0.8336
0.7503
0.7614
1.0168
1.0766
0.8649
0.4824
0.0187
-0.4597
-0.5444
-0.5697
-0.5231
-0.5780
-0.7660
-1.1196
-1.2492
-1.0034
-0.6362
-0.2633
0.0440
0.1399
0.1366
0.1214
0.3729
0.8000
1.1374
1.2583
1.1442
0.7662
0.4879
0.2920
0.3450
0.3892
0.1969
-0.2742
-0.7099
-0.9530
-1.1403
-1.0169
-0.7722
-0.6540
-0.7217
-0.8163
-0.8464
-0.5314
-0.0075
0.4750
0.7459
0.8059
0.7172
0.7030
0.7585
1.0022
1.1123
1.0916
0.7367
0.2813
-0.1315
-0.3304
-0.3730
-0.3410
-0.4249
-0.8073
-1.1439
-1.2814
-1.1648
-0.8855
-0.4537
-0.1940
-0.2293
-0.1411
-0.0517
0.2392
0.7553
1.0181
1.2023
0.9976
0.8281
0.5926
0.5105
0.6432
0.6457
0.4217
-0.0137
-0.4470
-0.8813
-1.0460
-0.9906
-0.7698
-0.6678
-0.7071
-0.9714
-1.0153
-0.7756
-0.2211
0.1463
0.5687
0.6528
0.5762
0.5409
0.7448
1.0066
1.1779
1.2898
0.8831
0.4964
-0.0453
-0.0454
-0.0519
-0.1321
-0.2674
-0.6124
-1.0671
-1.2474
-1.2730
-0.9815
-0.5534
-0.3433
-0.3869
-0.4155
-0.3248
0.0508
0.4318
0.9369
1.1741
1.0768
0.9184
0.6746
0.6596
0.7217
0.8732
0.6223
0.2730
-0.2591
-0.7132
-0.8528
-0.7014
-0.6602
-0.7403
-0.8526
-1.0885
-0.9641
-0.9048
-0.5008
0.0569
0.2004
0.3836
0.4513
0.3863
0.5231
0.9313
1.3053
1.2936
0.9930
0.6061
0.2673
0.1516
0.1922
0.1618
-0.0528
-0.5242
-0.9671
-1.1706
-1.2841
-1.0093
-0.7013
-0.6087
-0.6056
-0.6166
-0.5160
-0.1815
0.2790
0.7200
0.9397
0.9209
0.7953
0.7260
0.7646
0.7998
0.9658
0.9405
0.5023
-0.0757
-0.3000
-0.6041
-0.5686
-0.5160
-0.6307
-0.8885
-1.0221
-1.1934
-1.0378
-0.6557
-0.2974
0.1077
0.0880
0.1327
0.1073
0.3480
0.8602
1.1452
1.1910
1.1395
0.8807
0.5475
0.3404
0.3686
0.4043
0.2233
-0.2551
-0.7162
-1.0480
-1.1117
-0.9889
-0.7695
-0.5896
-0.6537
-0.7908
-0.6883
-0.5026
0.0811
0.5104
0.9378
0.7551
0.6797
0.6795
0.7833
1.0798
1.1060
1.1082
0.7761
0.2732
-0.2152
-0.2895
-0.3067
-0.3233
-0.4678
-0.7634
-1.1164
-1.2585
-1.1840
-0.8868
-0.5024
-0.2269
-0.1074
-0.1315
-0.0330
0.2722
0.6532
1.1522
1.2301
1.1065
0.8762
0.5205
0.4964
0.6368
0.5158
0.4737
0.0804
-0.5168
-0.8657
-0.9491
-0.9282
-0.7043
-0.7391
-0.8448
-1.0145
-0.9599
-0.6584
-0.2579
0.1710
0.4870
0.6316
0.6466
0.5715
0.6972
1.0363
1.2049
1.1784
0.8528
0.5280
-0.0513
-0.0693
-0.1485
-0.1541
-0.2107
-0.6761
-1.0690
-1.2813
-1.2119
-0.9731
-0.6885
-0.4354
-0.2875
-0.3751
-0.2699
0.0011
0.4488
1.0030
1.1274
1.0591
0.9227
0.6537
0.6405
0.7710
0.8223
0.6736
0.3601
-0.2387
-0.7795
-0.8060
-0.7686
-0.6681
-0.6775
-0.8693
-1.0839
-1.1062
-0.9462
-0.5291
0.1370
0.9200
0.2026
-0.9458
-0.8859
0.6125
2.3673
2.4330
1.0868
-0.0841
-0.7260
0.3559
1.2281
1.8626
-0.2878
-1.3369
-1.7135
-1.0493
0.1715
0.1597
-1.0201
-2.0850
-1.7306
-0.5794
0.5606
0.6057
-0.1661
-0.8578
-0.8549
0.7872
1.8632
2.1966
0.6982
-0.3592
-0.6667
1.3107
1.9334
1.7866
0.1479
-1.8500
-1.8266
-0.5343
1.2649
0.6418
-0.5607
-2.2088
-2.3339
-1.2543
0.7309
0.6587
0.4008
-1.1200
-1.6534
0.0644
1.8818
2.0531
1.2185
-0.1676
-0.3678
0.7368
1.6306
0.4505
0.3838
0.3836
0.1325
-0.2018
-0.7370
-1.0772
-1.1088
-1.0637
-0.6836
-0.6495
-0.6501
-0.8685
-0.8204
-0.5413
0.0125
0.4865
0.7510
0.7640
0.6508
0.6562
0.7402
0.9480
1.2167
1.0589
0.7815
0.2113
-0.1549
-0.3627
-0.4530
-0.2818
-0.4848
-0.7373
-1.1501
-1.2987
-1.2289
-0.7825
-0.4344
-0.1709
-0.0506
-0.0723
-0.0055
0.1761
0.6498
1.0287
1.2799
1.1367
0.7826
0.6029
0.4613
0.5851
0.5199
0.4443
0.0237
-0.4029
-0.8379
-1.0262
-0.8639
-0.8176
-0.7537
-0.8042
-1.0824
-0.9789
-0.7673
-0.2436
0.1807
0.5624
0.6129
0.6244
0.5522
0.6781
0.9857
1.1496
1.2176
0.9302
0.5811
0.0446
-0.1226
-0.1541
-0.1230
-0.2762
-0.6430
-0.9807
-1.3056
-1.1833
-0.9241
-0.6104
-0.4078
-0.2303
-0.4197
-0.2776
-0.0234
0.5710
0.9634
1.1029
1.1069
0.8807
0.6640
0.7082
0.7900
0.8331
0.6585
0.2771
-0.2440
-0.6576
-0.8544
-0.6858
-0.7228
-0.6684
-0.8839
-0.9932
-1.1820
-0.9559
-0.5302
0.0020
0.2238
0.3549
0.2440
0.4041
0.5848
0.8767
1.2869
1.2094
1.0748
0.6053
0.3754
0.1711
0.0749
0.0634
-0.0454
-0.4707
-0.9091
-1.1337
-1.2543
-0.9935
-0.6688
-0.5114
-0.5624
-0.6264
-0.6281
-0.2874
0.2646
0.7094
0.9808
1.0265
0.7615
0.6937
0.7572
0.8696
1.0766
0.9257
0.5128
0.0849
-0.4928
-0.6031
-0.5695
-0.5817
-0.5973
-0.9075
-1.0937
-1.1906
-1.0653
-0.7772
-0.2955
0.0720
0.1312
-0.0162
0.2514
0.4568
0.8034
1.2354
1.2566
1.0780
0.7926
0.5671
0.4344
0.3861
0.3830
0.2067
-0.3008
-0.6857
-1.0997
-1.1235
-0.9937
-0.7384
-0.6527
-0.8678
-0.8058
-0.7421
-0.4609
-0.0051
0.5653
0.7898
0.8366
0.7664
0.6767
0.7186
0.8604
1.1155
1.1010
0.7003
0.2780
-0.1597
-0.2955
-0.3829
-0.3299
-0.4527
-0.6996
-1.1978
-1.3134
-1.1432
-0.7670
-0.4380
-0.2039
-0.0807
-0.0867
-0.0618
0.2637
0.7436
1.1734
1.2807
1.1304
0.8494
0.6402
0.5302
0.5973
0.5498
0.4827
-0.0522
-0.5199
-0.8754
-0.9055
-0.9260
-0.7810
-0.7331
-0.7379
-1.1151
-1.0272
-0.5797
-0.2191
0.1793
0.5391
0.6153
0.5967
0.6438
0.7359
0.9710
1.2562
1.1624
0.8490
0.3696
-0.0026
-0.1540
-0.1842
-0.1179
-0.3553
-0.7975
-1.0872
-1.2984
-1.2628
-0.8751
-0.6405
-0.3480
-0.3525
-0.3810
-0.3342
0.0112
0.4435
0.9276
1.1250
1.0340
0.9175
0.7112
0.6479
0.7778
0.8181
0.6172
0.2590
-0.2865
-0.7078
-0.9035
-0.7884
-0.6419
-0.7245
-0.7418
-1.0369
-1.0716
-0.8793
-0.3891
-0.0535
0.1644
0.3565
0.3795
0.3996
0.6236
1.0171
1.2517
1.3147
0.9880
0.5856
0.3760
0.1386
0.0942
0.0781
-0.1081
-0.4931
-0.9648
-1.2723
-1.2266
-1.0277
-0.6611
-0.5372
-0.5411
-0.6491
-0.5472
-0.2165
0.2845
0.7116
1.0310
0.9749
0.8605
0.6811
0.6571
0.9182
1.0413
0.9090
0.5194
-0.0223
-0.4581
-0.5751
-0.5665
-0.5640
-0.5569
-0.8963
-1.1574
-1.1617
-1.0354
-0.7024
-0.2328
0.0515
